date,path,cluster,tsne_x,tsne_y
20210413,C:\junha\Datasets\LTDv2\frames\frames\20210413\clip_0_0000\image_0000.jpg,5,-10.625591,-45.09827
20210413,C:\junha\Datasets\LTDv2\frames\frames\20210413\clip_0_0000\image_0001.jpg,5,-9.744136,-46.736107
20210413,C:\junha\Datasets\LTDv2\frames\frames\20210413\clip_0_0000\image_0002.jpg,1,-9.208619,-47.045536
20210413,C:\junha\Datasets\LTDv2\frames\frames\20210413\clip_0_0000\image_0003.jpg,1,-8.940331,-47.31552
20210413,C:\junha\Datasets\LTDv2\frames\frames\20210413\clip_0_0000\image_0004.jpg,5,-9.693083,-45.958023
20210413,C:\junha\Datasets\LTDv2\frames\frames\20210413\clip_0_0000\image_0005.jpg,5,-9.513668,-46.146507
20210413,C:\junha\Datasets\LTDv2\frames\frames\20210413\clip_0_0000\image_0006.jpg,5,-10.669816,-44.88342
20210413,C:\junha\Datasets\LTDv2\frames\frames\20210413\clip_0_0000\image_0007.jpg,5,-10.280599,-45.712852
20210413,C:\junha\Datasets\LTDv2\frames\frames\20210413\clip_0_0000\image_0008.jpg,5,-10.679608,-44.45433
20210413,C:\junha\Datasets\LTDv2\frames\frames\20210413\clip_0_0000\image_0009.jpg,5,-10.806163,-44.447712
20210413,C:\junha\Datasets\LTDv2\frames\frames\20210413\clip_0_0000\image_0010.jpg,5,-10.41077,-42.720524
20210413,C:\junha\Datasets\LTDv2\frames\frames\20210413\clip_0_0000\image_0011.jpg,5,-10.770757,-42.23249
20210413,C:\junha\Datasets\LTDv2\frames\frames\20210413\clip_0_0000\image_0012.jpg,5,-9.947036,-43.504295
20210413,C:\junha\Datasets\LTDv2\frames\frames\20210413\clip_0_0000\image_0013.jpg,5,-9.215772,-44.62121
20210413,C:\junha\Datasets\LTDv2\frames\frames\20210413\clip_0_0000\image_0014.jpg,5,-10.422612,-43.554996
20210413,C:\junha\Datasets\LTDv2\frames\frames\20210413\clip_0_0000\image_0015.jpg,5,-10.395715,-43.34993
20210413,C:\junha\Datasets\LTDv2\frames\frames\20210413\clip_0_0000\image_0016.jpg,5,-9.941559,-42.950214
20210413,C:\junha\Datasets\LTDv2\frames\frames\20210413\clip_0_0000\image_0017.jpg,5,-10.058419,-43.51093
20210413,C:\junha\Datasets\LTDv2\frames\frames\20210413\clip_0_0000\image_0018.jpg,5,-9.789852,-43.286625
20210413,C:\junha\Datasets\LTDv2\frames\frames\20210413\clip_0_0000\image_0019.jpg,1,-8.610979,-47.334545
20210413,C:\junha\Datasets\LTDv2\frames\frames\20210413\clip_0_0000\image_0020.jpg,5,-8.634219,-47.230694
20210413,C:\junha\Datasets\LTDv2\frames\frames\20210413\clip_0_0000\image_0021.jpg,5,-8.255094,-47.201767
20210413,C:\junha\Datasets\LTDv2\frames\frames\20210413\clip_0_0000\image_0022.jpg,5,-9.257131,-43.14161
20210413,C:\junha\Datasets\LTDv2\frames\frames\20210413\clip_0_0000\image_0023.jpg,5,-7.8310804,-43.060757
20210413,C:\junha\Datasets\LTDv2\frames\frames\20210413\clip_0_0000\image_0024.jpg,5,-9.816548,-44.454956
20210413,C:\junha\Datasets\LTDv2\frames\frames\20210413\clip_0_0000\image_0025.jpg,5,-9.128133,-45.137848
20210413,C:\junha\Datasets\LTDv2\frames\frames\20210413\clip_0_0000\image_0026.jpg,5,-8.146356,-44.724407
20210413,C:\junha\Datasets\LTDv2\frames\frames\20210413\clip_0_0000\image_0027.jpg,5,-7.8671403,-44.66564
20210413,C:\junha\Datasets\LTDv2\frames\frames\20210413\clip_0_0000\image_0028.jpg,5,-9.267489,-45.050716
20210413,C:\junha\Datasets\LTDv2\frames\frames\20210413\clip_0_0000\image_0029.jpg,5,-9.428116,-44.00994
20210413,C:\junha\Datasets\LTDv2\frames\frames\20210413\clip_0_0000\image_0030.jpg,5,-9.472986,-42.651386
20210413,C:\junha\Datasets\LTDv2\frames\frames\20210413\clip_0_0000\image_0031.jpg,5,-9.525675,-42.640068
20210413,C:\junha\Datasets\LTDv2\frames\frames\20210413\clip_0_0000\image_0032.jpg,5,-9.216767,-41.452896
20210413,C:\junha\Datasets\LTDv2\frames\frames\20210413\clip_0_0000\image_0033.jpg,5,-9.159133,-41.3852
20210413,C:\junha\Datasets\LTDv2\frames\frames\20210413\clip_0_0000\image_0034.jpg,5,-8.846648,-45.90935
20210413,C:\junha\Datasets\LTDv2\frames\frames\20210413\clip_0_0000\image_0035.jpg,5,-8.635292,-45.55881
20210413,C:\junha\Datasets\LTDv2\frames\frames\20210413\clip_0_0000\image_0036.jpg,5,-7.3226047,-42.5558
20210413,C:\junha\Datasets\LTDv2\frames\frames\20210413\clip_0_0000\image_0037.jpg,5,-7.7893486,-41.784782
20210413,C:\junha\Datasets\LTDv2\frames\frames\20210413\clip_0_0000\image_0038.jpg,5,-8.817275,-43.071613
20210413,C:\junha\Datasets\LTDv2\frames\frames\20210413\clip_0_0000\image_0039.jpg,5,-7.3410683,-45.27977
20210413,C:\junha\Datasets\LTDv2\frames\frames\20210413\clip_0_0000\image_0040.jpg,5,-8.407211,-42.485413
20210413,C:\junha\Datasets\LTDv2\frames\frames\20210413\clip_0_0000\image_0041.jpg,5,-8.424212,-42.587685
20210413,C:\junha\Datasets\LTDv2\frames\frames\20210413\clip_0_0000\image_0042.jpg,5,-6.4228244,-47.00551
20210413,C:\junha\Datasets\LTDv2\frames\frames\20210413\clip_0_0000\image_0043.jpg,5,-5.2222953,-45.793655
20210413,C:\junha\Datasets\LTDv2\frames\frames\20210413\clip_0_0000\image_0044.jpg,5,-4.41422,-46.05531
20210413,C:\junha\Datasets\LTDv2\frames\frames\20210413\clip_0_0000\image_0045.jpg,5,-4.322355,-46.327545
20210413,C:\junha\Datasets\LTDv2\frames\frames\20210413\clip_0_0000\image_0046.jpg,5,-3.7651238,-44.903637
20210413,C:\junha\Datasets\LTDv2\frames\frames\20210413\clip_0_0000\image_0047.jpg,5,-3.815526,-44.395706
20210413,C:\junha\Datasets\LTDv2\frames\frames\20210413\clip_0_0000\image_0048.jpg,5,-4.175767,-46.28991
20210413,C:\junha\Datasets\LTDv2\frames\frames\20210413\clip_0_0000\image_0049.jpg,5,-4.2095685,-45.58993
20210413,C:\junha\Datasets\LTDv2\frames\frames\20210413\clip_0_0000\image_0050.jpg,5,-4.265761,-44.852684
20210413,C:\junha\Datasets\LTDv2\frames\frames\20210413\clip_0_0000\image_0051.jpg,0,-6.054123,-42.73272
20210413,C:\junha\Datasets\LTDv2\frames\frames\20210413\clip_0_0000\image_0052.jpg,5,-5.8254943,-45.987144
20210413,C:\junha\Datasets\LTDv2\frames\frames\20210413\clip_0_0000\image_0053.jpg,5,-5.5046716,-45.678814
20210413,C:\junha\Datasets\LTDv2\frames\frames\20210413\clip_0_0000\image_0054.jpg,5,-5.331464,-44.057964
20210413,C:\junha\Datasets\LTDv2\frames\frames\20210413\clip_0_0000\image_0055.jpg,5,-4.740588,-44.23373
20210413,C:\junha\Datasets\LTDv2\frames\frames\20210413\clip_0_0000\image_0056.jpg,5,-5.4449105,-42.97881
20210413,C:\junha\Datasets\LTDv2\frames\frames\20210413\clip_0_0000\image_0057.jpg,5,-5.2789865,-43.266766
20210413,C:\junha\Datasets\LTDv2\frames\frames\20210413\clip_0_0000\image_0058.jpg,5,-4.6188703,-44.544773
20210413,C:\junha\Datasets\LTDv2\frames\frames\20210413\clip_0_0000\image_0059.jpg,5,-5.0009584,-45.409443
20210413,C:\junha\Datasets\LTDv2\frames\frames\20210413\clip_0_0000\image_0060.jpg,5,-7.9461904,-40.18087
20210413,C:\junha\Datasets\LTDv2\frames\frames\20210413\clip_0_0000\image_0061.jpg,5,-7.7473197,-40.143463
20210413,C:\junha\Datasets\LTDv2\frames\frames\20210413\clip_0_0000\image_0062.jpg,5,-7.5410004,-45.60688
20210413,C:\junha\Datasets\LTDv2\frames\frames\20210413\clip_0_0000\image_0063.jpg,5,-7.3168116,-45.59989
20210413,C:\junha\Datasets\LTDv2\frames\frames\20210413\clip_0_0000\image_0064.jpg,5,-6.9545283,-39.14576
20210413,C:\junha\Datasets\LTDv2\frames\frames\20210413\clip_0_0000\image_0065.jpg,5,-6.964506,-39.073433
20210413,C:\junha\Datasets\LTDv2\frames\frames\20210413\clip_0_0000\image_0066.jpg,5,-7.303341,-39.478306
20210413,C:\junha\Datasets\LTDv2\frames\frames\20210413\clip_0_0000\image_0067.jpg,5,-7.4307513,-39.515194
20210413,C:\junha\Datasets\LTDv2\frames\frames\20210413\clip_0_0000\image_0068.jpg,5,-5.848716,-42.01648
20210413,C:\junha\Datasets\LTDv2\frames\frames\20210413\clip_0_0000\image_0069.jpg,5,-7.4284344,-47.19072
20210413,C:\junha\Datasets\LTDv2\frames\frames\20210413\clip_0_0000\image_0070.jpg,5,-5.5266623,-42.179802
20210413,C:\junha\Datasets\LTDv2\frames\frames\20210413\clip_0_0000\image_0071.jpg,5,-5.617199,-41.777473
20210413,C:\junha\Datasets\LTDv2\frames\frames\20210413\clip_0_0000\image_0072.jpg,5,-6.2677393,-40.777058
20210413,C:\junha\Datasets\LTDv2\frames\frames\20210413\clip_0_0000\image_0073.jpg,5,-6.3794127,-40.53554
20210413,C:\junha\Datasets\LTDv2\frames\frames\20210413\clip_0_0000\image_0074.jpg,5,-3.7273352,-42.053986
20210413,C:\junha\Datasets\LTDv2\frames\frames\20210413\clip_0_0000\image_0075.jpg,5,-3.848035,-42.15189
20210413,C:\junha\Datasets\LTDv2\frames\frames\20210413\clip_0_0000\image_0076.jpg,5,-2.8418505,-42.281498
20210413,C:\junha\Datasets\LTDv2\frames\frames\20210413\clip_0_0000\image_0077.jpg,5,-2.7681978,-42.09218
20210413,C:\junha\Datasets\LTDv2\frames\frames\20210413\clip_0_0000\image_0078.jpg,5,-5.7909184,-40.411797
20210413,C:\junha\Datasets\LTDv2\frames\frames\20210413\clip_0_0000\image_0079.jpg,5,-6.472404,-38.64681
20210413,C:\junha\Datasets\LTDv2\frames\frames\20210413\clip_0_0000\image_0080.jpg,5,-5.93499,-40.338264
20210413,C:\junha\Datasets\LTDv2\frames\frames\20210413\clip_0_0000\image_0081.jpg,5,-6.100404,-39.62165
20210413,C:\junha\Datasets\LTDv2\frames\frames\20210413\clip_0_0000\image_0082.jpg,5,-7.76421,-41.0966
20210413,C:\junha\Datasets\LTDv2\frames\frames\20210413\clip_0_0000\image_0083.jpg,5,-7.708504,-40.97848
20210413,C:\junha\Datasets\LTDv2\frames\frames\20210413\clip_0_0000\image_0084.jpg,5,-4.335535,-43.299683
20210413,C:\junha\Datasets\LTDv2\frames\frames\20210413\clip_0_0000\image_0085.jpg,5,-4.3175592,-42.65164
20210413,C:\junha\Datasets\LTDv2\frames\frames\20210413\clip_0_0000\image_0086.jpg,5,-8.352739,-39.74162
20210413,C:\junha\Datasets\LTDv2\frames\frames\20210413\clip_0_0000\image_0087.jpg,5,-8.348799,-39.857445
20210413,C:\junha\Datasets\LTDv2\frames\frames\20210413\clip_0_0000\image_0088.jpg,5,-4.820415,-40.01853
20210413,C:\junha\Datasets\LTDv2\frames\frames\20210413\clip_0_0000\image_0089.jpg,5,-4.638828,-42.76765
20210413,C:\junha\Datasets\LTDv2\frames\frames\20210413\clip_0_0000\image_0090.jpg,5,-5.4617157,-39.066463
20210413,C:\junha\Datasets\LTDv2\frames\frames\20210413\clip_0_0000\image_0091.jpg,5,-5.4694004,-39.103275
20210413,C:\junha\Datasets\LTDv2\frames\frames\20210413\clip_0_0000\image_0092.jpg,5,-5.012677,-39.103374
20210413,C:\junha\Datasets\LTDv2\frames\frames\20210413\clip_0_0000\image_0093.jpg,5,-4.9772387,-38.958237
20210413,C:\junha\Datasets\LTDv2\frames\frames\20210413\clip_0_0000\image_0094.jpg,5,-5.8942933,-39.46526
20210413,C:\junha\Datasets\LTDv2\frames\frames\20210413\clip_0_0000\image_0095.jpg,5,-6.206856,-39.200638
20210413,C:\junha\Datasets\LTDv2\frames\frames\20210413\clip_0_0000\image_0096.jpg,5,-6.3972135,-46.550846
20210413,C:\junha\Datasets\LTDv2\frames\frames\20210413\clip_0_0000\image_0097.jpg,5,-6.5502367,-46.14855
20210413,C:\junha\Datasets\LTDv2\frames\frames\20210413\clip_0_0000\image_0098.jpg,5,-3.3418467,-42.6041
20210413,C:\junha\Datasets\LTDv2\frames\frames\20210413\clip_0_0000\image_0099.jpg,5,-2.8901849,-45.654034
20210413,C:\junha\Datasets\LTDv2\frames\frames\20210413\clip_0_0000\image_0100.jpg,5,-2.7762227,-45.435703
20210413,C:\junha\Datasets\LTDv2\frames\frames\20210413\clip_0_0000\image_0101.jpg,5,-2.8106532,-45.523537
20210413,C:\junha\Datasets\LTDv2\frames\frames\20210413\clip_0_0000\image_0102.jpg,5,-3.406217,-43.6239
20210413,C:\junha\Datasets\LTDv2\frames\frames\20210413\clip_0_0000\image_0103.jpg,5,-3.4056537,-43.44968
20210413,C:\junha\Datasets\LTDv2\frames\frames\20210413\clip_0_0000\image_0104.jpg,5,-4.2614703,-41.21563
20210413,C:\junha\Datasets\LTDv2\frames\frames\20210413\clip_0_0000\image_0105.jpg,5,-4.1201253,-41.167194
20210413,C:\junha\Datasets\LTDv2\frames\frames\20210413\clip_0_0000\image_0106.jpg,5,-4.6263123,-41.14828
20210413,C:\junha\Datasets\LTDv2\frames\frames\20210413\clip_0_0000\image_0107.jpg,5,-4.044552,-41.772053
20210413,C:\junha\Datasets\LTDv2\frames\frames\20210413\clip_0_0000\image_0108.jpg,5,-3.932954,-40.00044
20210413,C:\junha\Datasets\LTDv2\frames\frames\20210413\clip_0_0000\image_0109.jpg,5,-3.5803776,-39.953392
20210413,C:\junha\Datasets\LTDv2\frames\frames\20210413\clip_0_0000\image_0110.jpg,5,-6.156141,-44.640553
20210413,C:\junha\Datasets\LTDv2\frames\frames\20210413\clip_0_0000\image_0111.jpg,5,-6.424932,-44.712208
20210413,C:\junha\Datasets\LTDv2\frames\frames\20210413\clip_0_0000\image_0112.jpg,5,-6.04595,-44.79634
20210413,C:\junha\Datasets\LTDv2\frames\frames\20210413\clip_0_0000\image_0113.jpg,5,-5.4168506,-44.78367
20210413,C:\junha\Datasets\LTDv2\frames\frames\20210413\clip_0_0000\image_0114.jpg,5,-4.3452296,-42.017895
20210413,C:\junha\Datasets\LTDv2\frames\frames\20210413\clip_0_0000\image_0115.jpg,5,-4.893755,-41.499485
20210413,C:\junha\Datasets\LTDv2\frames\frames\20210413\clip_0_0000\image_0116.jpg,5,-4.4609694,-40.163704
20210413,C:\junha\Datasets\LTDv2\frames\frames\20210413\clip_0_0000\image_0117.jpg,5,-4.3440394,-40.228737
20210413,C:\junha\Datasets\LTDv2\frames\frames\20210413\clip_0_0000\image_0118.jpg,5,-4.3888144,-40.217045
20210413,C:\junha\Datasets\LTDv2\frames\frames\20210413\clip_0_0000\image_0119.jpg,5,-2.6934988,-43.293724
20210413,C:\junha\Datasets\LTDv2\frames\frames\20210413\clip_10_0418\image_0000.jpg,5,39.406124,-30.064896
20210413,C:\junha\Datasets\LTDv2\frames\frames\20210413\clip_10_0418\image_0001.jpg,5,39.19861,-30.329748
20210413,C:\junha\Datasets\LTDv2\frames\frames\20210413\clip_10_0418\image_0002.jpg,5,31.56412,-26.22754
20210413,C:\junha\Datasets\LTDv2\frames\frames\20210413\clip_10_0418\image_0003.jpg,5,31.721605,-26.110516
20210413,C:\junha\Datasets\LTDv2\frames\frames\20210413\clip_10_0418\image_0004.jpg,5,40.679813,-31.39094
20210413,C:\junha\Datasets\LTDv2\frames\frames\20210413\clip_10_0418\image_0005.jpg,5,40.92964,-31.564316
20210413,C:\junha\Datasets\LTDv2\frames\frames\20210413\clip_10_0418\image_0006.jpg,5,39.17283,-30.508902
20210413,C:\junha\Datasets\LTDv2\frames\frames\20210413\clip_10_0418\image_0007.jpg,5,39.202374,-30.56432
20210413,C:\junha\Datasets\LTDv2\frames\frames\20210413\clip_10_0418\image_0008.jpg,5,38.232616,-26.039692
20210413,C:\junha\Datasets\LTDv2\frames\frames\20210413\clip_10_0418\image_0009.jpg,5,38.219875,-33.0789
20210413,C:\junha\Datasets\LTDv2\frames\frames\20210413\clip_10_0418\image_0010.jpg,5,37.868042,-32.836796
20210413,C:\junha\Datasets\LTDv2\frames\frames\20210413\clip_10_0418\image_0011.jpg,5,37.78004,-32.79338
20210413,C:\junha\Datasets\LTDv2\frames\frames\20210413\clip_10_0418\image_0012.jpg,5,38.85532,-32.600956
20210413,C:\junha\Datasets\LTDv2\frames\frames\20210413\clip_10_0418\image_0013.jpg,5,38.830105,-32.578274
20210413,C:\junha\Datasets\LTDv2\frames\frames\20210413\clip_10_0418\image_0014.jpg,5,39.48467,-31.98273
20210413,C:\junha\Datasets\LTDv2\frames\frames\20210413\clip_10_0418\image_0015.jpg,5,39.718777,-32.00248
20210413,C:\junha\Datasets\LTDv2\frames\frames\20210413\clip_10_0418\image_0016.jpg,5,40.2351,-31.491646
20210413,C:\junha\Datasets\LTDv2\frames\frames\20210413\clip_10_0418\image_0017.jpg,5,39.99533,-31.35456
20210413,C:\junha\Datasets\LTDv2\frames\frames\20210413\clip_10_0418\image_0018.jpg,5,36.417416,-29.78473
20210413,C:\junha\Datasets\LTDv2\frames\frames\20210413\clip_10_0418\image_0019.jpg,5,37.286488,-27.660774
20210413,C:\junha\Datasets\LTDv2\frames\frames\20210413\clip_10_0418\image_0020.jpg,5,37.257618,-24.956549
20210413,C:\junha\Datasets\LTDv2\frames\frames\20210413\clip_10_0418\image_0021.jpg,5,37.606873,-26.746592
20210413,C:\junha\Datasets\LTDv2\frames\frames\20210413\clip_10_0418\image_0022.jpg,5,36.72118,-29.384066
20210413,C:\junha\Datasets\LTDv2\frames\frames\20210413\clip_10_0418\image_0023.jpg,5,36.792503,-29.305513
20210413,C:\junha\Datasets\LTDv2\frames\frames\20210413\clip_10_0418\image_0024.jpg,5,36.604713,-29.987211
20210413,C:\junha\Datasets\LTDv2\frames\frames\20210413\clip_10_0418\image_0025.jpg,5,36.737885,-29.91226
20210413,C:\junha\Datasets\LTDv2\frames\frames\20210413\clip_10_0418\image_0026.jpg,5,41.498085,-28.882656
20210413,C:\junha\Datasets\LTDv2\frames\frames\20210413\clip_10_0418\image_0027.jpg,5,41.422955,-28.910355
20210413,C:\junha\Datasets\LTDv2\frames\frames\20210413\clip_10_0418\image_0028.jpg,5,36.54344,-26.891113
20210413,C:\junha\Datasets\LTDv2\frames\frames\20210413\clip_10_0418\image_0029.jpg,5,33.008644,-25.637026
20210413,C:\junha\Datasets\LTDv2\frames\frames\20210413\clip_10_0418\image_0030.jpg,5,20.192516,-38.181232
20210413,C:\junha\Datasets\LTDv2\frames\frames\20210413\clip_10_0418\image_0031.jpg,5,20.30635,-38.282814
20210413,C:\junha\Datasets\LTDv2\frames\frames\20210413\clip_10_0418\image_0032.jpg,5,32.975224,-25.470535
20210413,C:\junha\Datasets\LTDv2\frames\frames\20210413\clip_10_0418\image_0033.jpg,5,32.7865,-25.284565
20210413,C:\junha\Datasets\LTDv2\frames\frames\20210413\clip_10_0418\image_0034.jpg,5,33.31387,-25.041292
20210413,C:\junha\Datasets\LTDv2\frames\frames\20210413\clip_10_0418\image_0035.jpg,5,33.132492,-24.856604
20210413,C:\junha\Datasets\LTDv2\frames\frames\20210413\clip_10_0418\image_0036.jpg,5,32.21775,-24.904282
20210413,C:\junha\Datasets\LTDv2\frames\frames\20210413\clip_10_0418\image_0037.jpg,5,32.13229,-24.889174
20210413,C:\junha\Datasets\LTDv2\frames\frames\20210413\clip_10_0418\image_0038.jpg,5,20.457756,-38.69894
20210413,C:\junha\Datasets\LTDv2\frames\frames\20210413\clip_10_0418\image_0039.jpg,5,41.049,-30.307894
20210413,C:\junha\Datasets\LTDv2\frames\frames\20210413\clip_10_0418\image_0040.jpg,5,34.5718,-27.697779
20210413,C:\junha\Datasets\LTDv2\frames\frames\20210413\clip_10_0418\image_0041.jpg,5,34.557,-27.617712
20210413,C:\junha\Datasets\LTDv2\frames\frames\20210413\clip_10_0418\image_0042.jpg,5,33.33088,-27.66109
20210413,C:\junha\Datasets\LTDv2\frames\frames\20210413\clip_10_0418\image_0043.jpg,5,33.044193,-27.288347
20210413,C:\junha\Datasets\LTDv2\frames\frames\20210413\clip_10_0418\image_0044.jpg,5,32.981266,-27.855608
20210413,C:\junha\Datasets\LTDv2\frames\frames\20210413\clip_10_0418\image_0045.jpg,5,32.84583,-27.902534
20210413,C:\junha\Datasets\LTDv2\frames\frames\20210413\clip_10_0418\image_0046.jpg,5,32.38574,-27.376411
20210413,C:\junha\Datasets\LTDv2\frames\frames\20210413\clip_10_0418\image_0047.jpg,5,32.10494,-27.885332
20210413,C:\junha\Datasets\LTDv2\frames\frames\20210413\clip_10_0418\image_0048.jpg,5,40.190144,-30.403898
20210413,C:\junha\Datasets\LTDv2\frames\frames\20210413\clip_10_0418\image_0049.jpg,5,38.219814,-28.791111
20210413,C:\junha\Datasets\LTDv2\frames\frames\20210413\clip_10_0418\image_0050.jpg,5,36.84292,-22.8238
20210413,C:\junha\Datasets\LTDv2\frames\frames\20210413\clip_10_0418\image_0051.jpg,5,36.534653,-22.784794
20210413,C:\junha\Datasets\LTDv2\frames\frames\20210413\clip_10_0418\image_0052.jpg,5,41.580574,-30.399008
20210413,C:\junha\Datasets\LTDv2\frames\frames\20210413\clip_10_0418\image_0053.jpg,5,41.62816,-30.275494
20210413,C:\junha\Datasets\LTDv2\frames\frames\20210413\clip_10_0418\image_0054.jpg,5,36.39361,-28.427578
20210413,C:\junha\Datasets\LTDv2\frames\frames\20210413\clip_10_0418\image_0055.jpg,5,36.417656,-28.557608
20210413,C:\junha\Datasets\LTDv2\frames\frames\20210413\clip_10_0418\image_0056.jpg,5,35.4091,-29.296339
20210413,C:\junha\Datasets\LTDv2\frames\frames\20210413\clip_10_0418\image_0057.jpg,5,35.397537,-29.293568
20210413,C:\junha\Datasets\LTDv2\frames\frames\20210413\clip_10_0418\image_0058.jpg,5,39.35528,-28.241028
20210413,C:\junha\Datasets\LTDv2\frames\frames\20210413\clip_10_0418\image_0059.jpg,5,39.888798,-27.703339
20210413,C:\junha\Datasets\LTDv2\frames\frames\20210413\clip_10_0418\image_0060.jpg,5,42.3011,-29.306154
20210413,C:\junha\Datasets\LTDv2\frames\frames\20210413\clip_10_0418\image_0061.jpg,5,42.297737,-29.28115
20210413,C:\junha\Datasets\LTDv2\frames\frames\20210413\clip_10_0418\image_0062.jpg,5,41.91108,-29.617369
20210413,C:\junha\Datasets\LTDv2\frames\frames\20210413\clip_10_0418\image_0063.jpg,5,39.66072,-29.551735
20210413,C:\junha\Datasets\LTDv2\frames\frames\20210413\clip_10_0418\image_0064.jpg,5,39.517014,-27.616545
20210413,C:\junha\Datasets\LTDv2\frames\frames\20210413\clip_10_0418\image_0065.jpg,5,39.781967,-27.89053
20210413,C:\junha\Datasets\LTDv2\frames\frames\20210413\clip_10_0418\image_0066.jpg,5,39.853718,-28.667482
20210413,C:\junha\Datasets\LTDv2\frames\frames\20210413\clip_10_0418\image_0067.jpg,5,39.988586,-28.7562
20210413,C:\junha\Datasets\LTDv2\frames\frames\20210413\clip_10_0418\image_0068.jpg,5,39.651005,-30.241867
20210413,C:\junha\Datasets\LTDv2\frames\frames\20210413\clip_10_0418\image_0069.jpg,5,34.673134,-23.707193
20210413,C:\junha\Datasets\LTDv2\frames\frames\20210413\clip_10_0418\image_0070.jpg,5,38.938774,-24.059217
20210413,C:\junha\Datasets\LTDv2\frames\frames\20210413\clip_10_0418\image_0071.jpg,5,38.954132,-24.014442
20210413,C:\junha\Datasets\LTDv2\frames\frames\20210413\clip_10_0418\image_0072.jpg,5,38.36715,-30.65821
20210413,C:\junha\Datasets\LTDv2\frames\frames\20210413\clip_10_0418\image_0073.jpg,5,38.25583,-30.739244
20210413,C:\junha\Datasets\LTDv2\frames\frames\20210413\clip_10_0418\image_0074.jpg,5,37.873486,-27.98242
20210413,C:\junha\Datasets\LTDv2\frames\frames\20210413\clip_10_0418\image_0075.jpg,5,39.379272,-28.98664
20210413,C:\junha\Datasets\LTDv2\frames\frames\20210413\clip_10_0418\image_0076.jpg,5,34.675674,-26.062872
20210413,C:\junha\Datasets\LTDv2\frames\frames\20210413\clip_10_0418\image_0077.jpg,5,35.04499,-26.147371
20210413,C:\junha\Datasets\LTDv2\frames\frames\20210413\clip_10_0418\image_0078.jpg,5,39.01374,-27.142464
20210413,C:\junha\Datasets\LTDv2\frames\frames\20210413\clip_10_0418\image_0079.jpg,5,39.43909,-26.863802
20210413,C:\junha\Datasets\LTDv2\frames\frames\20210413\clip_10_0418\image_0080.jpg,5,39.908092,-25.743998
20210413,C:\junha\Datasets\LTDv2\frames\frames\20210413\clip_10_0418\image_0081.jpg,5,39.903717,-25.855421
20210413,C:\junha\Datasets\LTDv2\frames\frames\20210413\clip_10_0418\image_0082.jpg,5,35.33925,-26.737362
20210413,C:\junha\Datasets\LTDv2\frames\frames\20210413\clip_10_0418\image_0083.jpg,5,35.278004,-26.751406
20210413,C:\junha\Datasets\LTDv2\frames\frames\20210413\clip_10_0418\image_0084.jpg,5,36.003723,-26.692226
20210413,C:\junha\Datasets\LTDv2\frames\frames\20210413\clip_10_0418\image_0085.jpg,5,36.254562,-26.426918
20210413,C:\junha\Datasets\LTDv2\frames\frames\20210413\clip_10_0418\image_0086.jpg,5,37.64634,-28.61233
20210413,C:\junha\Datasets\LTDv2\frames\frames\20210413\clip_10_0418\image_0087.jpg,5,37.6277,-28.613125
20210413,C:\junha\Datasets\LTDv2\frames\frames\20210413\clip_10_0418\image_0088.jpg,5,39.39335,-29.37846
20210413,C:\junha\Datasets\LTDv2\frames\frames\20210413\clip_10_0418\image_0089.jpg,5,34.976112,-22.57894
20210413,C:\junha\Datasets\LTDv2\frames\frames\20210413\clip_10_0418\image_0090.jpg,5,37.021347,-22.25558
20210413,C:\junha\Datasets\LTDv2\frames\frames\20210413\clip_10_0418\image_0091.jpg,5,37.15041,-22.358576
20210413,C:\junha\Datasets\LTDv2\frames\frames\20210413\clip_10_0418\image_0092.jpg,5,35.44965,-23.050877
20210413,C:\junha\Datasets\LTDv2\frames\frames\20210413\clip_10_0418\image_0093.jpg,5,35.438046,-23.053673
20210413,C:\junha\Datasets\LTDv2\frames\frames\20210413\clip_10_0418\image_0094.jpg,5,34.953094,-22.92258
20210413,C:\junha\Datasets\LTDv2\frames\frames\20210413\clip_10_0418\image_0095.jpg,5,38.835785,-26.932974
20210413,C:\junha\Datasets\LTDv2\frames\frames\20210413\clip_10_0418\image_0096.jpg,5,38.05982,-25.067013
20210413,C:\junha\Datasets\LTDv2\frames\frames\20210413\clip_10_0418\image_0097.jpg,5,38.203316,-25.269892
20210413,C:\junha\Datasets\LTDv2\frames\frames\20210413\clip_10_0418\image_0098.jpg,5,38.273205,-25.785305
20210413,C:\junha\Datasets\LTDv2\frames\frames\20210413\clip_10_0418\image_0099.jpg,5,34.594826,-23.71945
20210413,C:\junha\Datasets\LTDv2\frames\frames\20210413\clip_10_0418\image_0100.jpg,5,35.47513,-24.384865
20210413,C:\junha\Datasets\LTDv2\frames\frames\20210413\clip_10_0418\image_0101.jpg,5,35.4917,-24.127296
20210413,C:\junha\Datasets\LTDv2\frames\frames\20210413\clip_10_0418\image_0102.jpg,5,36.687733,-23.86708
20210413,C:\junha\Datasets\LTDv2\frames\frames\20210413\clip_10_0418\image_0103.jpg,5,36.88243,-24.028044
20210413,C:\junha\Datasets\LTDv2\frames\frames\20210413\clip_10_0418\image_0104.jpg,5,36.80264,-25.508259
20210413,C:\junha\Datasets\LTDv2\frames\frames\20210413\clip_10_0418\image_0105.jpg,5,37.17041,-25.932743
20210413,C:\junha\Datasets\LTDv2\frames\frames\20210413\clip_10_0418\image_0106.jpg,5,35.25665,-25.361185
20210413,C:\junha\Datasets\LTDv2\frames\frames\20210413\clip_10_0418\image_0107.jpg,5,35.270496,-25.484447
20210413,C:\junha\Datasets\LTDv2\frames\frames\20210413\clip_10_0418\image_0108.jpg,5,35.88917,-26.038486
20210413,C:\junha\Datasets\LTDv2\frames\frames\20210413\clip_10_0418\image_0109.jpg,5,34.67726,-24.852709
20210413,C:\junha\Datasets\LTDv2\frames\frames\20210413\clip_10_0418\image_0110.jpg,5,33.60393,-23.99028
20210413,C:\junha\Datasets\LTDv2\frames\frames\20210413\clip_10_0418\image_0111.jpg,5,33.900597,-23.966106
20210413,C:\junha\Datasets\LTDv2\frames\frames\20210413\clip_10_0418\image_0112.jpg,5,35.386715,-21.88606
20210413,C:\junha\Datasets\LTDv2\frames\frames\20210413\clip_10_0418\image_0113.jpg,5,35.20905,-21.860315
20210413,C:\junha\Datasets\LTDv2\frames\frames\20210413\clip_10_0418\image_0114.jpg,5,35.480804,-22.02599
20210413,C:\junha\Datasets\LTDv2\frames\frames\20210413\clip_10_0418\image_0115.jpg,5,38.98705,-25.20745
20210413,C:\junha\Datasets\LTDv2\frames\frames\20210413\clip_10_0418\image_0116.jpg,5,42.80129,-30.949615
20210413,C:\junha\Datasets\LTDv2\frames\frames\20210413\clip_10_0418\image_0117.jpg,5,42.80215,-30.937225
20210413,C:\junha\Datasets\LTDv2\frames\frames\20210413\clip_10_0418\image_0118.jpg,5,42.995785,-31.56314
20210413,C:\junha\Datasets\LTDv2\frames\frames\20210413\clip_10_0418\image_0119.jpg,5,43.26641,-31.908524
20210413,C:\junha\Datasets\LTDv2\frames\frames\20210413\clip_11_0446\image_0000.jpg,5,26.508724,-40.2597
20210413,C:\junha\Datasets\LTDv2\frames\frames\20210413\clip_11_0446\image_0001.jpg,5,26.714584,-40.50234
20210413,C:\junha\Datasets\LTDv2\frames\frames\20210413\clip_11_0446\image_0002.jpg,5,27.297855,-41.90181
20210413,C:\junha\Datasets\LTDv2\frames\frames\20210413\clip_11_0446\image_0003.jpg,5,29.0337,-44.441116
20210413,C:\junha\Datasets\LTDv2\frames\frames\20210413\clip_11_0446\image_0004.jpg,5,28.924192,-42.803535
20210413,C:\junha\Datasets\LTDv2\frames\frames\20210413\clip_11_0446\image_0005.jpg,5,29.024773,-42.781105
20210413,C:\junha\Datasets\LTDv2\frames\frames\20210413\clip_11_0446\image_0006.jpg,5,29.485018,-45.75091
20210413,C:\junha\Datasets\LTDv2\frames\frames\20210413\clip_11_0446\image_0007.jpg,5,29.461407,-46.01751
20210413,C:\junha\Datasets\LTDv2\frames\frames\20210413\clip_11_0446\image_0008.jpg,5,29.402754,-45.895138
20210413,C:\junha\Datasets\LTDv2\frames\frames\20210413\clip_11_0446\image_0009.jpg,5,28.50517,-42.689163
20210413,C:\junha\Datasets\LTDv2\frames\frames\20210413\clip_11_0446\image_0010.jpg,5,32.5635,-49.844917
20210413,C:\junha\Datasets\LTDv2\frames\frames\20210413\clip_11_0446\image_0011.jpg,5,32.462223,-50.767876
20210413,C:\junha\Datasets\LTDv2\frames\frames\20210413\clip_11_0446\image_0012.jpg,5,30.255852,-50.65
20210413,C:\junha\Datasets\LTDv2\frames\frames\20210413\clip_11_0446\image_0013.jpg,5,32.57701,-51.59668
20210413,C:\junha\Datasets\LTDv2\frames\frames\20210413\clip_11_0446\image_0014.jpg,5,33.458992,-53.046978
20210413,C:\junha\Datasets\LTDv2\frames\frames\20210413\clip_11_0446\image_0015.jpg,5,33.512905,-53.10186
20210413,C:\junha\Datasets\LTDv2\frames\frames\20210413\clip_11_0446\image_0016.jpg,5,32.026623,-51.094
20210413,C:\junha\Datasets\LTDv2\frames\frames\20210413\clip_11_0446\image_0017.jpg,5,31.765902,-50.958794
20210413,C:\junha\Datasets\LTDv2\frames\frames\20210413\clip_11_0446\image_0018.jpg,5,25.118967,-45.536213
20210413,C:\junha\Datasets\LTDv2\frames\frames\20210413\clip_11_0446\image_0019.jpg,5,35.348446,-47.38888
20210413,C:\junha\Datasets\LTDv2\frames\frames\20210413\clip_11_0446\image_0020.jpg,5,35.05456,-48.029156
20210413,C:\junha\Datasets\LTDv2\frames\frames\20210413\clip_11_0446\image_0021.jpg,5,28.78125,-44.17097
20210413,C:\junha\Datasets\LTDv2\frames\frames\20210413\clip_11_0446\image_0022.jpg,5,28.656187,-43.65169
20210413,C:\junha\Datasets\LTDv2\frames\frames\20210413\clip_11_0446\image_0023.jpg,5,28.656631,-43.617653
20210413,C:\junha\Datasets\LTDv2\frames\frames\20210413\clip_11_0446\image_0024.jpg,5,36.15862,-55.472336
20210413,C:\junha\Datasets\LTDv2\frames\frames\20210413\clip_11_0446\image_0025.jpg,5,36.354595,-55.489304
20210413,C:\junha\Datasets\LTDv2\frames\frames\20210413\clip_11_0446\image_0026.jpg,5,36.88467,-54.814335
20210413,C:\junha\Datasets\LTDv2\frames\frames\20210413\clip_11_0446\image_0027.jpg,5,36.904465,-54.928738
20210413,C:\junha\Datasets\LTDv2\frames\frames\20210413\clip_11_0446\image_0028.jpg,5,36.63078,-55.819084
20210413,C:\junha\Datasets\LTDv2\frames\frames\20210413\clip_11_0446\image_0029.jpg,5,27.959494,-41.20675
20210413,C:\junha\Datasets\LTDv2\frames\frames\20210413\clip_11_0446\image_0030.jpg,5,30.973946,-41.676548
20210413,C:\junha\Datasets\LTDv2\frames\frames\20210413\clip_11_0446\image_0031.jpg,5,30.984861,-41.793266
20210413,C:\junha\Datasets\LTDv2\frames\frames\20210413\clip_11_0446\image_0032.jpg,5,34.425705,-51.47302
20210413,C:\junha\Datasets\LTDv2\frames\frames\20210413\clip_11_0446\image_0033.jpg,5,34.518436,-52.11508
20210413,C:\junha\Datasets\LTDv2\frames\frames\20210413\clip_11_0446\image_0034.jpg,5,35.134747,-53.461678
20210413,C:\junha\Datasets\LTDv2\frames\frames\20210413\clip_11_0446\image_0035.jpg,5,35.264072,-53.552998
20210413,C:\junha\Datasets\LTDv2\frames\frames\20210413\clip_11_0446\image_0036.jpg,5,34.8847,-54.47118
20210413,C:\junha\Datasets\LTDv2\frames\frames\20210413\clip_11_0446\image_0037.jpg,5,34.9243,-54.30414
20210413,C:\junha\Datasets\LTDv2\frames\frames\20210413\clip_11_0446\image_0038.jpg,5,34.92263,-53.55934
20210413,C:\junha\Datasets\LTDv2\frames\frames\20210413\clip_11_0446\image_0039.jpg,5,27.886562,-41.0503
20210413,C:\junha\Datasets\LTDv2\frames\frames\20210413\clip_11_0446\image_0040.jpg,5,31.080029,-45.73127
20210413,C:\junha\Datasets\LTDv2\frames\frames\20210413\clip_11_0446\image_0041.jpg,5,31.22126,-46.352165
20210413,C:\junha\Datasets\LTDv2\frames\frames\20210413\clip_11_0446\image_0042.jpg,5,31.589855,-46.49098
20210413,C:\junha\Datasets\LTDv2\frames\frames\20210413\clip_11_0446\image_0043.jpg,5,30.716305,-47.025787
20210413,C:\junha\Datasets\LTDv2\frames\frames\20210413\clip_11_0446\image_0044.jpg,5,31.012463,-49.05896
20210413,C:\junha\Datasets\LTDv2\frames\frames\20210413\clip_11_0446\image_0045.jpg,5,31.057308,-49.063103
20210413,C:\junha\Datasets\LTDv2\frames\frames\20210413\clip_11_0446\image_0046.jpg,5,28.683245,-52.524235
20210413,C:\junha\Datasets\LTDv2\frames\frames\20210413\clip_11_0446\image_0047.jpg,5,28.74627,-52.53953
20210413,C:\junha\Datasets\LTDv2\frames\frames\20210413\clip_11_0446\image_0048.jpg,5,19.426924,-43.636433
20210413,C:\junha\Datasets\LTDv2\frames\frames\20210413\clip_11_0446\image_0049.jpg,5,29.500586,-38.534527
20210413,C:\junha\Datasets\LTDv2\frames\frames\20210413\clip_11_0446\image_0050.jpg,5,27.156456,-38.072025
20210413,C:\junha\Datasets\LTDv2\frames\frames\20210413\clip_11_0446\image_0051.jpg,5,27.17567,-37.993885
20210413,C:\junha\Datasets\LTDv2\frames\frames\20210413\clip_11_0446\image_0052.jpg,5,28.591589,-43.21501
20210413,C:\junha\Datasets\LTDv2\frames\frames\20210413\clip_11_0446\image_0053.jpg,5,28.511436,-42.84831
20210413,C:\junha\Datasets\LTDv2\frames\frames\20210413\clip_11_0446\image_0054.jpg,5,29.513006,-38.55402
20210413,C:\junha\Datasets\LTDv2\frames\frames\20210413\clip_11_0446\image_0055.jpg,5,29.634462,-38.602604
20210413,C:\junha\Datasets\LTDv2\frames\frames\20210413\clip_11_0446\image_0056.jpg,5,28.935772,-44.789795
20210413,C:\junha\Datasets\LTDv2\frames\frames\20210413\clip_11_0446\image_0057.jpg,5,28.927353,-44.62947
20210413,C:\junha\Datasets\LTDv2\frames\frames\20210413\clip_11_0446\image_0058.jpg,5,29.602245,-45.213287
20210413,C:\junha\Datasets\LTDv2\frames\frames\20210413\clip_11_0446\image_0059.jpg,5,29.265814,-40.610794
20210413,C:\junha\Datasets\LTDv2\frames\frames\20210413\clip_11_0446\image_0060.jpg,5,29.32327,-40.49619
20210413,C:\junha\Datasets\LTDv2\frames\frames\20210413\clip_11_0446\image_0061.jpg,5,29.535213,-40.734398
20210413,C:\junha\Datasets\LTDv2\frames\frames\20210413\clip_11_0446\image_0062.jpg,5,30.123283,-40.3885
20210413,C:\junha\Datasets\LTDv2\frames\frames\20210413\clip_11_0446\image_0063.jpg,5,30.083887,-40.822002
20210413,C:\junha\Datasets\LTDv2\frames\frames\20210413\clip_11_0446\image_0064.jpg,5,27.17269,-40.142616
20210413,C:\junha\Datasets\LTDv2\frames\frames\20210413\clip_11_0446\image_0065.jpg,5,27.268831,-40.118603
20210413,C:\junha\Datasets\LTDv2\frames\frames\20210413\clip_11_0446\image_0066.jpg,5,30.612888,-41.653393
20210413,C:\junha\Datasets\LTDv2\frames\frames\20210413\clip_11_0446\image_0067.jpg,5,31.120182,-42.087547
20210413,C:\junha\Datasets\LTDv2\frames\frames\20210413\clip_11_0446\image_0068.jpg,5,38.07286,-48.362915
20210413,C:\junha\Datasets\LTDv2\frames\frames\20210413\clip_11_0446\image_0069.jpg,5,36.795357,-46.007675
20210413,C:\junha\Datasets\LTDv2\frames\frames\20210413\clip_11_0446\image_0070.jpg,5,34.018715,-48.526073
20210413,C:\junha\Datasets\LTDv2\frames\frames\20210413\clip_11_0446\image_0071.jpg,5,33.730373,-49.305553
20210413,C:\junha\Datasets\LTDv2\frames\frames\20210413\clip_11_0446\image_0072.jpg,5,33.519417,-49.704266
20210413,C:\junha\Datasets\LTDv2\frames\frames\20210413\clip_11_0446\image_0073.jpg,5,35.075684,-52.559376
20210413,C:\junha\Datasets\LTDv2\frames\frames\20210413\clip_11_0446\image_0074.jpg,5,33.15698,-49.32603
20210413,C:\junha\Datasets\LTDv2\frames\frames\20210413\clip_11_0446\image_0075.jpg,5,34.870735,-53.182713
20210413,C:\junha\Datasets\LTDv2\frames\frames\20210413\clip_11_0446\image_0076.jpg,5,36.633976,-56.1119
20210413,C:\junha\Datasets\LTDv2\frames\frames\20210413\clip_11_0446\image_0077.jpg,5,36.58108,-55.949673
20210413,C:\junha\Datasets\LTDv2\frames\frames\20210413\clip_11_0446\image_0078.jpg,5,35.61407,-54.327717
20210413,C:\junha\Datasets\LTDv2\frames\frames\20210413\clip_11_0446\image_0079.jpg,5,28.790836,-40.86402
20210413,C:\junha\Datasets\LTDv2\frames\frames\20210413\clip_11_0446\image_0080.jpg,5,33.64966,-47.297813
20210413,C:\junha\Datasets\LTDv2\frames\frames\20210413\clip_11_0446\image_0081.jpg,5,33.64503,-47.340485
20210413,C:\junha\Datasets\LTDv2\frames\frames\20210413\clip_11_0446\image_0082.jpg,5,32.438198,-48.191635
20210413,C:\junha\Datasets\LTDv2\frames\frames\20210413\clip_11_0446\image_0083.jpg,5,32.47602,-48.293095
20210413,C:\junha\Datasets\LTDv2\frames\frames\20210413\clip_11_0446\image_0084.jpg,5,33.163628,-50.28634
20210413,C:\junha\Datasets\LTDv2\frames\frames\20210413\clip_11_0446\image_0085.jpg,5,33.45174,-50.619545
20210413,C:\junha\Datasets\LTDv2\frames\frames\20210413\clip_11_0446\image_0086.jpg,5,31.929993,-49.974644
20210413,C:\junha\Datasets\LTDv2\frames\frames\20210413\clip_11_0446\image_0087.jpg,5,31.852674,-49.77569
20210413,C:\junha\Datasets\LTDv2\frames\frames\20210413\clip_11_0446\image_0088.jpg,5,32.153053,-49.840782
20210413,C:\junha\Datasets\LTDv2\frames\frames\20210413\clip_11_0446\image_0089.jpg,5,31.039227,-45.060215
20210413,C:\junha\Datasets\LTDv2\frames\frames\20210413\clip_11_0446\image_0090.jpg,5,35.632294,-48.455727
20210413,C:\junha\Datasets\LTDv2\frames\frames\20210413\clip_11_0446\image_0091.jpg,5,35.554977,-48.554413
20210413,C:\junha\Datasets\LTDv2\frames\frames\20210413\clip_11_0446\image_0092.jpg,5,35.810337,-49.398563
20210413,C:\junha\Datasets\LTDv2\frames\frames\20210413\clip_11_0446\image_0093.jpg,5,35.74123,-49.39813
20210413,C:\junha\Datasets\LTDv2\frames\frames\20210413\clip_11_0446\image_0094.jpg,5,35.31661,-48.201885
20210413,C:\junha\Datasets\LTDv2\frames\frames\20210413\clip_11_0446\image_0095.jpg,5,35.38027,-48.377453
20210413,C:\junha\Datasets\LTDv2\frames\frames\20210413\clip_11_0446\image_0096.jpg,5,32.88284,-42.5234
20210413,C:\junha\Datasets\LTDv2\frames\frames\20210413\clip_11_0446\image_0097.jpg,5,32.8983,-42.44851
20210413,C:\junha\Datasets\LTDv2\frames\frames\20210413\clip_11_0446\image_0098.jpg,5,34.709423,-48.519318
20210413,C:\junha\Datasets\LTDv2\frames\frames\20210413\clip_11_0446\image_0099.jpg,5,15.082368,-44.483166
20210413,C:\junha\Datasets\LTDv2\frames\frames\20210413\clip_11_0446\image_0100.jpg,5,32.43587,-43.819748
20210413,C:\junha\Datasets\LTDv2\frames\frames\20210413\clip_11_0446\image_0101.jpg,5,32.299133,-43.793667
20210413,C:\junha\Datasets\LTDv2\frames\frames\20210413\clip_11_0446\image_0102.jpg,5,28.61936,-41.02628
20210413,C:\junha\Datasets\LTDv2\frames\frames\20210413\clip_11_0446\image_0103.jpg,5,29.760681,-43.58164
20210413,C:\junha\Datasets\LTDv2\frames\frames\20210413\clip_11_0446\image_0104.jpg,5,29.349268,-49.507748
20210413,C:\junha\Datasets\LTDv2\frames\frames\20210413\clip_11_0446\image_0105.jpg,5,29.409441,-49.555447
20210413,C:\junha\Datasets\LTDv2\frames\frames\20210413\clip_11_0446\image_0106.jpg,5,29.26928,-49.630466
20210413,C:\junha\Datasets\LTDv2\frames\frames\20210413\clip_11_0446\image_0107.jpg,5,29.272932,-49.621628
20210413,C:\junha\Datasets\LTDv2\frames\frames\20210413\clip_11_0446\image_0108.jpg,5,19.652132,-43.321415
20210413,C:\junha\Datasets\LTDv2\frames\frames\20210413\clip_11_0446\image_0109.jpg,5,29.388798,-38.45412
20210413,C:\junha\Datasets\LTDv2\frames\frames\20210413\clip_11_0446\image_0110.jpg,5,27.520296,-43.573948
20210413,C:\junha\Datasets\LTDv2\frames\frames\20210413\clip_11_0446\image_0111.jpg,5,27.546217,-43.66679
20210413,C:\junha\Datasets\LTDv2\frames\frames\20210413\clip_11_0446\image_0112.jpg,5,30.70208,-45.177082
20210413,C:\junha\Datasets\LTDv2\frames\frames\20210413\clip_11_0446\image_0113.jpg,5,30.69035,-45.286186
20210413,C:\junha\Datasets\LTDv2\frames\frames\20210413\clip_11_0446\image_0114.jpg,5,33.149715,-51.805164
20210413,C:\junha\Datasets\LTDv2\frames\frames\20210413\clip_11_0446\image_0115.jpg,5,32.958534,-51.812256
20210413,C:\junha\Datasets\LTDv2\frames\frames\20210413\clip_11_0446\image_0116.jpg,5,30.833382,-51.311737
20210413,C:\junha\Datasets\LTDv2\frames\frames\20210413\clip_11_0446\image_0117.jpg,5,30.763453,-51.39445
20210413,C:\junha\Datasets\LTDv2\frames\frames\20210413\clip_11_0446\image_0118.jpg,5,30.182404,-50.84761
20210413,C:\junha\Datasets\LTDv2\frames\frames\20210413\clip_11_0446\image_0119.jpg,5,25.899317,-41.482002
20210413,C:\junha\Datasets\LTDv2\frames\frames\20210413\clip_12_0514\image_0000.jpg,5,30.19243,-31.907705
20210413,C:\junha\Datasets\LTDv2\frames\frames\20210413\clip_12_0514\image_0001.jpg,5,30.953955,-31.985947
20210413,C:\junha\Datasets\LTDv2\frames\frames\20210413\clip_12_0514\image_0002.jpg,5,31.332684,-32.13307
20210413,C:\junha\Datasets\LTDv2\frames\frames\20210413\clip_12_0514\image_0003.jpg,5,36.864246,-33.52608
20210413,C:\junha\Datasets\LTDv2\frames\frames\20210413\clip_12_0514\image_0004.jpg,5,37.034122,-33.675434
20210413,C:\junha\Datasets\LTDv2\frames\frames\20210413\clip_12_0514\image_0005.jpg,5,36.68665,-33.528645
20210413,C:\junha\Datasets\LTDv2\frames\frames\20210413\clip_12_0514\image_0006.jpg,5,36.791893,-33.55583
20210413,C:\junha\Datasets\LTDv2\frames\frames\20210413\clip_12_0514\image_0007.jpg,5,36.56587,-33.483585
20210413,C:\junha\Datasets\LTDv2\frames\frames\20210413\clip_12_0514\image_0008.jpg,5,36.513332,-33.521275
20210413,C:\junha\Datasets\LTDv2\frames\frames\20210413\clip_12_0514\image_0009.jpg,5,42.22671,-35.575462
20210413,C:\junha\Datasets\LTDv2\frames\frames\20210413\clip_12_0514\image_0010.jpg,8,43.38668,-36.044
20210413,C:\junha\Datasets\LTDv2\frames\frames\20210413\clip_12_0514\image_0011.jpg,8,44.196392,-36.54399
20210413,C:\junha\Datasets\LTDv2\frames\frames\20210413\clip_12_0514\image_0012.jpg,8,44.589005,-36.455853
20210413,C:\junha\Datasets\LTDv2\frames\frames\20210413\clip_12_0514\image_0013.jpg,8,44.61636,-36.465572
20210413,C:\junha\Datasets\LTDv2\frames\frames\20210413\clip_12_0514\image_0014.jpg,8,50.853592,-20.39009
20210413,C:\junha\Datasets\LTDv2\frames\frames\20210413\clip_12_0514\image_0015.jpg,8,50.935028,-20.274141
20210413,C:\junha\Datasets\LTDv2\frames\frames\20210413\clip_12_0514\image_0016.jpg,8,50.94098,-20.269802
20210413,C:\junha\Datasets\LTDv2\frames\frames\20210413\clip_12_0514\image_0017.jpg,8,45.270073,-36.239555
20210413,C:\junha\Datasets\LTDv2\frames\frames\20210413\clip_12_0514\image_0018.jpg,8,45.19403,-36.256138
20210413,C:\junha\Datasets\LTDv2\frames\frames\20210413\clip_12_0514\image_0019.jpg,5,43.58664,-35.32597
20210413,C:\junha\Datasets\LTDv2\frames\frames\20210413\clip_12_0514\image_0020.jpg,8,43.68745,-35.54735
20210413,C:\junha\Datasets\LTDv2\frames\frames\20210413\clip_12_0514\image_0021.jpg,5,42.810528,-35.78307
20210413,C:\junha\Datasets\LTDv2\frames\frames\20210413\clip_12_0514\image_0022.jpg,5,42.854977,-35.89257
20210413,C:\junha\Datasets\LTDv2\frames\frames\20210413\clip_12_0514\image_0023.jpg,5,41.8883,-36.201332
20210413,C:\junha\Datasets\LTDv2\frames\frames\20210413\clip_12_0514\image_0024.jpg,5,41.73389,-36.097427
20210413,C:\junha\Datasets\LTDv2\frames\frames\20210413\clip_12_0514\image_0025.jpg,5,42.11463,-36.52001
20210413,C:\junha\Datasets\LTDv2\frames\frames\20210413\clip_12_0514\image_0026.jpg,5,42.26211,-36.535606
20210413,C:\junha\Datasets\LTDv2\frames\frames\20210413\clip_12_0514\image_0027.jpg,5,41.25081,-38.323124
20210413,C:\junha\Datasets\LTDv2\frames\frames\20210413\clip_12_0514\image_0028.jpg,5,41.22181,-38.343407
20210413,C:\junha\Datasets\LTDv2\frames\frames\20210413\clip_12_0514\image_0029.jpg,5,27.736195,-32.831844
20210413,C:\junha\Datasets\LTDv2\frames\frames\20210413\clip_12_0514\image_0030.jpg,5,33.756844,-36.955006
20210413,C:\junha\Datasets\LTDv2\frames\frames\20210413\clip_12_0514\image_0031.jpg,5,39.039997,-35.14799
20210413,C:\junha\Datasets\LTDv2\frames\frames\20210413\clip_12_0514\image_0032.jpg,5,39.095806,-35.156807
20210413,C:\junha\Datasets\LTDv2\frames\frames\20210413\clip_12_0514\image_0033.jpg,5,40.20185,-35.407467
20210413,C:\junha\Datasets\LTDv2\frames\frames\20210413\clip_12_0514\image_0034.jpg,5,40.332653,-35.47277
20210413,C:\junha\Datasets\LTDv2\frames\frames\20210413\clip_12_0514\image_0035.jpg,5,36.693893,-45.36723
20210413,C:\junha\Datasets\LTDv2\frames\frames\20210413\clip_12_0514\image_0036.jpg,5,36.713123,-45.484394
20210413,C:\junha\Datasets\LTDv2\frames\frames\20210413\clip_12_0514\image_0037.jpg,5,36.02898,-45.736458
20210413,C:\junha\Datasets\LTDv2\frames\frames\20210413\clip_12_0514\image_0038.jpg,5,36.345245,-45.803257
20210413,C:\junha\Datasets\LTDv2\frames\frames\20210413\clip_12_0514\image_0039.jpg,5,35.28697,-41.044716
20210413,C:\junha\Datasets\LTDv2\frames\frames\20210413\clip_12_0514\image_0040.jpg,5,35.103466,-40.496048
20210413,C:\junha\Datasets\LTDv2\frames\frames\20210413\clip_12_0514\image_0041.jpg,5,35.077255,-42.483505
20210413,C:\junha\Datasets\LTDv2\frames\frames\20210413\clip_12_0514\image_0042.jpg,5,35.112606,-42.438225
20210413,C:\junha\Datasets\LTDv2\frames\frames\20210413\clip_12_0514\image_0043.jpg,5,36.001984,-43.921875
20210413,C:\junha\Datasets\LTDv2\frames\frames\20210413\clip_12_0514\image_0044.jpg,5,35.968113,-43.993736
20210413,C:\junha\Datasets\LTDv2\frames\frames\20210413\clip_12_0514\image_0045.jpg,5,35.136906,-40.980537
20210413,C:\junha\Datasets\LTDv2\frames\frames\20210413\clip_12_0514\image_0046.jpg,5,35.13796,-41.01941
20210413,C:\junha\Datasets\LTDv2\frames\frames\20210413\clip_12_0514\image_0047.jpg,5,34.97386,-40.181156
20210413,C:\junha\Datasets\LTDv2\frames\frames\20210413\clip_12_0514\image_0048.jpg,5,34.950615,-40.103466
20210413,C:\junha\Datasets\LTDv2\frames\frames\20210413\clip_12_0514\image_0049.jpg,5,32.520832,-34.27435
20210413,C:\junha\Datasets\LTDv2\frames\frames\20210413\clip_12_0514\image_0050.jpg,5,32.811687,-34.30464
20210413,C:\junha\Datasets\LTDv2\frames\frames\20210413\clip_12_0514\image_0051.jpg,5,32.9837,-34.37444
20210413,C:\junha\Datasets\LTDv2\frames\frames\20210413\clip_12_0514\image_0052.jpg,5,32.936363,-34.398968
20210413,C:\junha\Datasets\LTDv2\frames\frames\20210413\clip_12_0514\image_0053.jpg,5,34.489388,-36.90942
20210413,C:\junha\Datasets\LTDv2\frames\frames\20210413\clip_12_0514\image_0054.jpg,5,34.501694,-37.012806
20210413,C:\junha\Datasets\LTDv2\frames\frames\20210413\clip_12_0514\image_0055.jpg,5,33.892624,-34.076252
20210413,C:\junha\Datasets\LTDv2\frames\frames\20210413\clip_12_0514\image_0056.jpg,5,34.028652,-34.014046
20210413,C:\junha\Datasets\LTDv2\frames\frames\20210413\clip_12_0514\image_0057.jpg,5,34.208637,-37.286434
20210413,C:\junha\Datasets\LTDv2\frames\frames\20210413\clip_12_0514\image_0058.jpg,5,34.057255,-37.123558
20210413,C:\junha\Datasets\LTDv2\frames\frames\20210413\clip_12_0514\image_0059.jpg,5,32.03907,-38.390865
20210413,C:\junha\Datasets\LTDv2\frames\frames\20210413\clip_12_0514\image_0060.jpg,5,32.127388,-38.41614
20210413,C:\junha\Datasets\LTDv2\frames\frames\20210413\clip_12_0514\image_0061.jpg,5,30.341307,-35.20017
20210413,C:\junha\Datasets\LTDv2\frames\frames\20210413\clip_12_0514\image_0062.jpg,5,30.31709,-35.12808
20210413,C:\junha\Datasets\LTDv2\frames\frames\20210413\clip_12_0514\image_0063.jpg,5,37.365086,-43.48441
20210413,C:\junha\Datasets\LTDv2\frames\frames\20210413\clip_12_0514\image_0064.jpg,5,37.312008,-43.672527
20210413,C:\junha\Datasets\LTDv2\frames\frames\20210413\clip_12_0514\image_0065.jpg,5,32.819595,-38.3291
20210413,C:\junha\Datasets\LTDv2\frames\frames\20210413\clip_12_0514\image_0066.jpg,5,32.92634,-38.389626
20210413,C:\junha\Datasets\LTDv2\frames\frames\20210413\clip_12_0514\image_0067.jpg,5,33.981144,-44.709263
20210413,C:\junha\Datasets\LTDv2\frames\frames\20210413\clip_12_0514\image_0068.jpg,5,34.01464,-44.71597
20210413,C:\junha\Datasets\LTDv2\frames\frames\20210413\clip_12_0514\image_0069.jpg,5,28.488356,-32.45635
20210413,C:\junha\Datasets\LTDv2\frames\frames\20210413\clip_12_0514\image_0070.jpg,5,28.427546,-32.492065
20210413,C:\junha\Datasets\LTDv2\frames\frames\20210413\clip_12_0514\image_0071.jpg,5,36.608425,-37.73097
20210413,C:\junha\Datasets\LTDv2\frames\frames\20210413\clip_12_0514\image_0072.jpg,5,36.67751,-37.806114
20210413,C:\junha\Datasets\LTDv2\frames\frames\20210413\clip_12_0514\image_0073.jpg,5,34.92578,-43.053997
20210413,C:\junha\Datasets\LTDv2\frames\frames\20210413\clip_12_0514\image_0074.jpg,5,34.91609,-43.190853
20210413,C:\junha\Datasets\LTDv2\frames\frames\20210413\clip_12_0514\image_0075.jpg,5,33.63254,-41.96216
20210413,C:\junha\Datasets\LTDv2\frames\frames\20210413\clip_12_0514\image_0076.jpg,5,33.761097,-42.132175
20210413,C:\junha\Datasets\LTDv2\frames\frames\20210413\clip_12_0514\image_0077.jpg,5,33.288544,-40.75907
20210413,C:\junha\Datasets\LTDv2\frames\frames\20210413\clip_12_0514\image_0078.jpg,5,33.218918,-40.64187
20210413,C:\junha\Datasets\LTDv2\frames\frames\20210413\clip_12_0514\image_0079.jpg,5,28.067476,-31.700006
20210413,C:\junha\Datasets\LTDv2\frames\frames\20210413\clip_12_0514\image_0080.jpg,5,28.02183,-31.680689
20210413,C:\junha\Datasets\LTDv2\frames\frames\20210413\clip_12_0514\image_0081.jpg,5,27.78159,-34.196846
20210413,C:\junha\Datasets\LTDv2\frames\frames\20210413\clip_12_0514\image_0082.jpg,5,27.697588,-34.246746
20210413,C:\junha\Datasets\LTDv2\frames\frames\20210413\clip_12_0514\image_0083.jpg,5,29.164846,-32.389412
20210413,C:\junha\Datasets\LTDv2\frames\frames\20210413\clip_12_0514\image_0084.jpg,5,29.298819,-32.693665
20210413,C:\junha\Datasets\LTDv2\frames\frames\20210413\clip_12_0514\image_0085.jpg,5,31.217047,-35.340992
20210413,C:\junha\Datasets\LTDv2\frames\frames\20210413\clip_12_0514\image_0086.jpg,5,31.70161,-36.03557
20210413,C:\junha\Datasets\LTDv2\frames\frames\20210413\clip_12_0514\image_0087.jpg,5,15.657924,-43.21457
20210413,C:\junha\Datasets\LTDv2\frames\frames\20210413\clip_12_0514\image_0088.jpg,5,15.61671,-43.248096
20210413,C:\junha\Datasets\LTDv2\frames\frames\20210413\clip_12_0514\image_0089.jpg,5,28.977434,-32.068264
20210413,C:\junha\Datasets\LTDv2\frames\frames\20210413\clip_12_0514\image_0090.jpg,5,28.917421,-32.043274
20210413,C:\junha\Datasets\LTDv2\frames\frames\20210413\clip_12_0514\image_0091.jpg,5,27.242102,-34.285595
20210413,C:\junha\Datasets\LTDv2\frames\frames\20210413\clip_12_0514\image_0092.jpg,5,27.165903,-34.31766
20210413,C:\junha\Datasets\LTDv2\frames\frames\20210413\clip_12_0514\image_0093.jpg,5,33.2086,-37.649757
20210413,C:\junha\Datasets\LTDv2\frames\frames\20210413\clip_12_0514\image_0094.jpg,5,33.00892,-37.63889
20210413,C:\junha\Datasets\LTDv2\frames\frames\20210413\clip_12_0514\image_0095.jpg,5,30.943838,-37.270226
20210413,C:\junha\Datasets\LTDv2\frames\frames\20210413\clip_12_0514\image_0096.jpg,5,30.7481,-37.027473
20210413,C:\junha\Datasets\LTDv2\frames\frames\20210413\clip_12_0514\image_0097.jpg,5,27.39146,-33.03395
20210413,C:\junha\Datasets\LTDv2\frames\frames\20210413\clip_12_0514\image_0098.jpg,5,27.417078,-33.175365
20210413,C:\junha\Datasets\LTDv2\frames\frames\20210413\clip_12_0514\image_0099.jpg,5,29.130623,-33.15521
20210413,C:\junha\Datasets\LTDv2\frames\frames\20210413\clip_12_0514\image_0100.jpg,5,29.099989,-33.226543
20210413,C:\junha\Datasets\LTDv2\frames\frames\20210413\clip_12_0514\image_0101.jpg,5,29.534973,-34.64651
20210413,C:\junha\Datasets\LTDv2\frames\frames\20210413\clip_12_0514\image_0102.jpg,5,29.392124,-34.62119
20210413,C:\junha\Datasets\LTDv2\frames\frames\20210413\clip_12_0514\image_0103.jpg,5,29.929625,-33.879795
20210413,C:\junha\Datasets\LTDv2\frames\frames\20210413\clip_12_0514\image_0104.jpg,5,30.010057,-33.949883
20210413,C:\junha\Datasets\LTDv2\frames\frames\20210413\clip_12_0514\image_0105.jpg,5,30.514019,-34.18188
20210413,C:\junha\Datasets\LTDv2\frames\frames\20210413\clip_12_0514\image_0106.jpg,5,30.583153,-34.348984
20210413,C:\junha\Datasets\LTDv2\frames\frames\20210413\clip_12_0514\image_0107.jpg,5,38.052387,-42.003006
20210413,C:\junha\Datasets\LTDv2\frames\frames\20210413\clip_12_0514\image_0108.jpg,5,38.087166,-42.041252
20210413,C:\junha\Datasets\LTDv2\frames\frames\20210413\clip_12_0514\image_0109.jpg,5,31.231316,-33.573753
20210413,C:\junha\Datasets\LTDv2\frames\frames\20210413\clip_12_0514\image_0110.jpg,5,31.281168,-33.65992
20210413,C:\junha\Datasets\LTDv2\frames\frames\20210413\clip_12_0514\image_0111.jpg,5,31.17218,-33.5084
20210413,C:\junha\Datasets\LTDv2\frames\frames\20210413\clip_12_0514\image_0112.jpg,5,31.096436,-33.53199
20210413,C:\junha\Datasets\LTDv2\frames\frames\20210413\clip_12_0514\image_0113.jpg,5,32.34177,-37.576298
20210413,C:\junha\Datasets\LTDv2\frames\frames\20210413\clip_12_0514\image_0114.jpg,5,32.306305,-37.42131
20210413,C:\junha\Datasets\LTDv2\frames\frames\20210413\clip_12_0514\image_0115.jpg,5,34.828,-35.185787
20210413,C:\junha\Datasets\LTDv2\frames\frames\20210413\clip_12_0514\image_0116.jpg,5,34.785503,-35.20884
20210413,C:\junha\Datasets\LTDv2\frames\frames\20210413\clip_12_0514\image_0117.jpg,5,36.91109,-35.71019
20210413,C:\junha\Datasets\LTDv2\frames\frames\20210413\clip_12_0514\image_0118.jpg,5,36.723946,-35.881145
20210413,C:\junha\Datasets\LTDv2\frames\frames\20210413\clip_12_0514\image_0119.jpg,5,31.96922,-36.844067
20210413,C:\junha\Datasets\LTDv2\frames\frames\20210413\clip_13_0542\image_0000.jpg,5,35.429768,-68.486664
20210413,C:\junha\Datasets\LTDv2\frames\frames\20210413\clip_13_0542\image_0001.jpg,5,35.502056,-68.4651
20210413,C:\junha\Datasets\LTDv2\frames\frames\20210413\clip_13_0542\image_0002.jpg,5,34.89354,-67.68162
20210413,C:\junha\Datasets\LTDv2\frames\frames\20210413\clip_13_0542\image_0003.jpg,5,34.704906,-67.57342
20210413,C:\junha\Datasets\LTDv2\frames\frames\20210413\clip_13_0542\image_0004.jpg,5,34.21141,-67.73632
20210413,C:\junha\Datasets\LTDv2\frames\frames\20210413\clip_13_0542\image_0005.jpg,5,34.169373,-67.70044
20210413,C:\junha\Datasets\LTDv2\frames\frames\20210413\clip_13_0542\image_0006.jpg,5,34.140976,-68.8741
20210413,C:\junha\Datasets\LTDv2\frames\frames\20210413\clip_13_0542\image_0007.jpg,5,34.1118,-68.88745
20210413,C:\junha\Datasets\LTDv2\frames\frames\20210413\clip_13_0542\image_0008.jpg,5,34.200726,-68.37303
20210413,C:\junha\Datasets\LTDv2\frames\frames\20210413\clip_13_0542\image_0009.jpg,5,30.94767,-67.27189
20210413,C:\junha\Datasets\LTDv2\frames\frames\20210413\clip_13_0542\image_0010.jpg,5,26.62703,-64.73421
20210413,C:\junha\Datasets\LTDv2\frames\frames\20210413\clip_13_0542\image_0011.jpg,5,26.741924,-64.69667
20210413,C:\junha\Datasets\LTDv2\frames\frames\20210413\clip_13_0542\image_0012.jpg,5,26.429901,-64.718605
20210413,C:\junha\Datasets\LTDv2\frames\frames\20210413\clip_13_0542\image_0013.jpg,5,26.347115,-64.68992
20210413,C:\junha\Datasets\LTDv2\frames\frames\20210413\clip_13_0542\image_0014.jpg,5,27.50991,-64.09017
20210413,C:\junha\Datasets\LTDv2\frames\frames\20210413\clip_13_0542\image_0015.jpg,5,27.55309,-64.11919
20210413,C:\junha\Datasets\LTDv2\frames\frames\20210413\clip_13_0542\image_0016.jpg,5,31.679152,-67.11921
20210413,C:\junha\Datasets\LTDv2\frames\frames\20210413\clip_13_0542\image_0017.jpg,5,31.663279,-67.131905
20210413,C:\junha\Datasets\LTDv2\frames\frames\20210413\clip_13_0542\image_0018.jpg,5,26.638756,-65.74903
20210413,C:\junha\Datasets\LTDv2\frames\frames\20210413\clip_13_0542\image_0019.jpg,5,28.066078,-60.15688
20210413,C:\junha\Datasets\LTDv2\frames\frames\20210413\clip_13_0542\image_0020.jpg,5,27.915262,-60.234863
20210413,C:\junha\Datasets\LTDv2\frames\frames\20210413\clip_13_0542\image_0021.jpg,5,27.961956,-60.1629
20210413,C:\junha\Datasets\LTDv2\frames\frames\20210413\clip_13_0542\image_0022.jpg,5,34.930542,-65.263145
20210413,C:\junha\Datasets\LTDv2\frames\frames\20210413\clip_13_0542\image_0023.jpg,5,37.577038,-62.192654
20210413,C:\junha\Datasets\LTDv2\frames\frames\20210413\clip_13_0542\image_0024.jpg,5,34.043568,-65.32596
20210413,C:\junha\Datasets\LTDv2\frames\frames\20210413\clip_13_0542\image_0025.jpg,5,33.689922,-65.23419
20210413,C:\junha\Datasets\LTDv2\frames\frames\20210413\clip_13_0542\image_0026.jpg,5,36.259945,-58.54866
20210413,C:\junha\Datasets\LTDv2\frames\frames\20210413\clip_13_0542\image_0027.jpg,5,36.29027,-58.567234
20210413,C:\junha\Datasets\LTDv2\frames\frames\20210413\clip_13_0542\image_0028.jpg,5,34.677673,-65.4744
20210413,C:\junha\Datasets\LTDv2\frames\frames\20210413\clip_13_0542\image_0029.jpg,5,30.863203,-68.34714
20210413,C:\junha\Datasets\LTDv2\frames\frames\20210413\clip_13_0542\image_0030.jpg,5,31.52264,-67.579865
20210413,C:\junha\Datasets\LTDv2\frames\frames\20210413\clip_13_0542\image_0031.jpg,5,31.547491,-67.43329
20210413,C:\junha\Datasets\LTDv2\frames\frames\20210413\clip_13_0542\image_0032.jpg,5,36.54998,-65.69362
20210413,C:\junha\Datasets\LTDv2\frames\frames\20210413\clip_13_0542\image_0033.jpg,5,36.700592,-65.31902
20210413,C:\junha\Datasets\LTDv2\frames\frames\20210413\clip_13_0542\image_0034.jpg,5,32.514305,-67.24902
20210413,C:\junha\Datasets\LTDv2\frames\frames\20210413\clip_13_0542\image_0035.jpg,5,32.661556,-66.934364
20210413,C:\junha\Datasets\LTDv2\frames\frames\20210413\clip_13_0542\image_0036.jpg,5,36.618744,-67.09039
20210413,C:\junha\Datasets\LTDv2\frames\frames\20210413\clip_13_0542\image_0037.jpg,5,36.679737,-66.89866
20210413,C:\junha\Datasets\LTDv2\frames\frames\20210413\clip_13_0542\image_0038.jpg,5,36.65322,-66.62438
20210413,C:\junha\Datasets\LTDv2\frames\frames\20210413\clip_13_0542\image_0039.jpg,5,28.702564,-68.82826
20210413,C:\junha\Datasets\LTDv2\frames\frames\20210413\clip_13_0542\image_0040.jpg,5,28.864035,-69.0001
20210413,C:\junha\Datasets\LTDv2\frames\frames\20210413\clip_13_0542\image_0041.jpg,5,28.94183,-69.03718
20210413,C:\junha\Datasets\LTDv2\frames\frames\20210413\clip_13_0542\image_0042.jpg,5,30.109608,-68.945526
20210413,C:\junha\Datasets\LTDv2\frames\frames\20210413\clip_13_0542\image_0043.jpg,5,30.298744,-68.79472
20210413,C:\junha\Datasets\LTDv2\frames\frames\20210413\clip_13_0542\image_0044.jpg,5,32.723114,-66.10582
20210413,C:\junha\Datasets\LTDv2\frames\frames\20210413\clip_13_0542\image_0045.jpg,5,33.653538,-64.43211
20210413,C:\junha\Datasets\LTDv2\frames\frames\20210413\clip_13_0542\image_0046.jpg,5,30.872038,-68.79884
20210413,C:\junha\Datasets\LTDv2\frames\frames\20210413\clip_13_0542\image_0047.jpg,5,30.64908,-68.90766
20210413,C:\junha\Datasets\LTDv2\frames\frames\20210413\clip_13_0542\image_0048.jpg,5,33.27739,-63.87478
20210413,C:\junha\Datasets\LTDv2\frames\frames\20210413\clip_13_0542\image_0049.jpg,5,31.685308,-68.966064
20210413,C:\junha\Datasets\LTDv2\frames\frames\20210413\clip_13_0542\image_0050.jpg,5,35.54092,-65.59129
20210413,C:\junha\Datasets\LTDv2\frames\frames\20210413\clip_13_0542\image_0051.jpg,5,35.297913,-65.96356
20210413,C:\junha\Datasets\LTDv2\frames\frames\20210413\clip_13_0542\image_0052.jpg,5,35.024673,-66.5701
20210413,C:\junha\Datasets\LTDv2\frames\frames\20210413\clip_13_0542\image_0053.jpg,5,35.12093,-66.4793
20210413,C:\junha\Datasets\LTDv2\frames\frames\20210413\clip_13_0542\image_0054.jpg,5,30.444233,-64.35713
20210413,C:\junha\Datasets\LTDv2\frames\frames\20210413\clip_13_0542\image_0055.jpg,5,30.479342,-64.38047
20210413,C:\junha\Datasets\LTDv2\frames\frames\20210413\clip_13_0542\image_0056.jpg,5,32.015327,-68.14394
20210413,C:\junha\Datasets\LTDv2\frames\frames\20210413\clip_13_0542\image_0057.jpg,5,32.067665,-67.925095
20210413,C:\junha\Datasets\LTDv2\frames\frames\20210413\clip_13_0542\image_0058.jpg,5,30.261879,-65.02528
20210413,C:\junha\Datasets\LTDv2\frames\frames\20210413\clip_13_0542\image_0059.jpg,5,30.34876,-65.608795
20210413,C:\junha\Datasets\LTDv2\frames\frames\20210413\clip_13_0542\image_0060.jpg,5,24.474722,-66.89224
20210413,C:\junha\Datasets\LTDv2\frames\frames\20210413\clip_13_0542\image_0061.jpg,5,24.530323,-66.890915
20210413,C:\junha\Datasets\LTDv2\frames\frames\20210413\clip_13_0542\image_0062.jpg,5,25.78019,-66.77294
20210413,C:\junha\Datasets\LTDv2\frames\frames\20210413\clip_13_0542\image_0063.jpg,5,29.866922,-65.774345
20210413,C:\junha\Datasets\LTDv2\frames\frames\20210413\clip_13_0542\image_0064.jpg,5,31.347025,-65.95449
20210413,C:\junha\Datasets\LTDv2\frames\frames\20210413\clip_13_0542\image_0065.jpg,5,31.344604,-65.846275
20210413,C:\junha\Datasets\LTDv2\frames\frames\20210413\clip_13_0542\image_0066.jpg,5,31.071508,-65.19162
20210413,C:\junha\Datasets\LTDv2\frames\frames\20210413\clip_13_0542\image_0067.jpg,5,31.015886,-65.23216
20210413,C:\junha\Datasets\LTDv2\frames\frames\20210413\clip_13_0542\image_0068.jpg,5,38.484356,-61.437817
20210413,C:\junha\Datasets\LTDv2\frames\frames\20210413\clip_13_0542\image_0069.jpg,5,27.520842,-67.90096
20210413,C:\junha\Datasets\LTDv2\frames\frames\20210413\clip_13_0542\image_0070.jpg,5,26.234646,-66.82903
20210413,C:\junha\Datasets\LTDv2\frames\frames\20210413\clip_13_0542\image_0071.jpg,5,26.195734,-66.8659
20210413,C:\junha\Datasets\LTDv2\frames\frames\20210413\clip_13_0542\image_0072.jpg,5,32.632168,-63.301292
20210413,C:\junha\Datasets\LTDv2\frames\frames\20210413\clip_13_0542\image_0073.jpg,5,32.699398,-63.161907
20210413,C:\junha\Datasets\LTDv2\frames\frames\20210413\clip_13_0542\image_0074.jpg,5,30.35698,-69.75455
20210413,C:\junha\Datasets\LTDv2\frames\frames\20210413\clip_13_0542\image_0075.jpg,5,30.34583,-69.81985
20210413,C:\junha\Datasets\LTDv2\frames\frames\20210413\clip_13_0542\image_0076.jpg,5,26.727478,-67.497635
20210413,C:\junha\Datasets\LTDv2\frames\frames\20210413\clip_13_0542\image_0077.jpg,5,26.710514,-67.461914
20210413,C:\junha\Datasets\LTDv2\frames\frames\20210413\clip_13_0542\image_0078.jpg,5,33.546516,-66.03757
20210413,C:\junha\Datasets\LTDv2\frames\frames\20210413\clip_13_0542\image_0079.jpg,5,35.344444,-64.11798
20210413,C:\junha\Datasets\LTDv2\frames\frames\20210413\clip_13_0542\image_0080.jpg,5,36.07499,-63.293205
20210413,C:\junha\Datasets\LTDv2\frames\frames\20210413\clip_13_0542\image_0081.jpg,5,36.05349,-63.177372
20210413,C:\junha\Datasets\LTDv2\frames\frames\20210413\clip_13_0542\image_0082.jpg,5,36.111813,-58.920834
20210413,C:\junha\Datasets\LTDv2\frames\frames\20210413\clip_13_0542\image_0083.jpg,5,36.123245,-58.990177
20210413,C:\junha\Datasets\LTDv2\frames\frames\20210413\clip_13_0542\image_0084.jpg,5,36.466854,-63.837082
20210413,C:\junha\Datasets\LTDv2\frames\frames\20210413\clip_13_0542\image_0085.jpg,5,36.29122,-64.05549
20210413,C:\junha\Datasets\LTDv2\frames\frames\20210413\clip_13_0542\image_0086.jpg,5,36.307056,-64.03645
20210413,C:\junha\Datasets\LTDv2\frames\frames\20210413\clip_13_0542\image_0087.jpg,5,36.911774,-62.754627
20210413,C:\junha\Datasets\LTDv2\frames\frames\20210413\clip_13_0542\image_0088.jpg,5,37.381767,-62.47948
20210413,C:\junha\Datasets\LTDv2\frames\frames\20210413\clip_13_0542\image_0089.jpg,5,37.378586,-63.67294
20210413,C:\junha\Datasets\LTDv2\frames\frames\20210413\clip_13_0542\image_0090.jpg,5,37.524303,-63.144386
20210413,C:\junha\Datasets\LTDv2\frames\frames\20210413\clip_13_0542\image_0091.jpg,5,37.570602,-62.94959
20210413,C:\junha\Datasets\LTDv2\frames\frames\20210413\clip_13_0542\image_0092.jpg,5,37.511326,-61.324207
20210413,C:\junha\Datasets\LTDv2\frames\frames\20210413\clip_13_0542\image_0093.jpg,5,37.26792,-60.919353
20210413,C:\junha\Datasets\LTDv2\frames\frames\20210413\clip_13_0542\image_0094.jpg,5,38.05852,-60.370064
20210413,C:\junha\Datasets\LTDv2\frames\frames\20210413\clip_13_0542\image_0095.jpg,5,38.218224,-60.540043
20210413,C:\junha\Datasets\LTDv2\frames\frames\20210413\clip_13_0542\image_0096.jpg,5,38.282482,-61.00869
20210413,C:\junha\Datasets\LTDv2\frames\frames\20210413\clip_13_0542\image_0097.jpg,5,38.15049,-61.2905
20210413,C:\junha\Datasets\LTDv2\frames\frames\20210413\clip_13_0542\image_0098.jpg,5,38.180485,-60.87939
20210413,C:\junha\Datasets\LTDv2\frames\frames\20210413\clip_13_0542\image_0099.jpg,5,35.98239,-58.678783
20210413,C:\junha\Datasets\LTDv2\frames\frames\20210413\clip_13_0542\image_0100.jpg,5,31.412048,-64.437996
20210413,C:\junha\Datasets\LTDv2\frames\frames\20210413\clip_13_0542\image_0101.jpg,5,31.549217,-64.3212
20210413,C:\junha\Datasets\LTDv2\frames\frames\20210413\clip_13_0542\image_0102.jpg,5,33.4658,-66.75625
20210413,C:\junha\Datasets\LTDv2\frames\frames\20210413\clip_13_0542\image_0103.jpg,5,33.42614,-66.88294
20210413,C:\junha\Datasets\LTDv2\frames\frames\20210413\clip_13_0542\image_0104.jpg,5,34.40463,-61.84383
20210413,C:\junha\Datasets\LTDv2\frames\frames\20210413\clip_13_0542\image_0105.jpg,5,34.379242,-61.774117
20210413,C:\junha\Datasets\LTDv2\frames\frames\20210413\clip_13_0542\image_0106.jpg,5,34.134094,-63.000595
20210413,C:\junha\Datasets\LTDv2\frames\frames\20210413\clip_13_0542\image_0107.jpg,5,34.10534,-63.020855
20210413,C:\junha\Datasets\LTDv2\frames\frames\20210413\clip_13_0542\image_0108.jpg,5,34.260605,-63.180416
20210413,C:\junha\Datasets\LTDv2\frames\frames\20210413\clip_13_0542\image_0109.jpg,5,32.880943,-66.17817
20210413,C:\junha\Datasets\LTDv2\frames\frames\20210413\clip_13_0542\image_0110.jpg,5,32.963974,-68.649994
20210413,C:\junha\Datasets\LTDv2\frames\frames\20210413\clip_13_0542\image_0111.jpg,5,32.91177,-68.68433
20210413,C:\junha\Datasets\LTDv2\frames\frames\20210413\clip_13_0542\image_0112.jpg,5,32.52419,-69.09243
20210413,C:\junha\Datasets\LTDv2\frames\frames\20210413\clip_13_0542\image_0113.jpg,5,32.54823,-69.03905
20210413,C:\junha\Datasets\LTDv2\frames\frames\20210413\clip_13_0542\image_0114.jpg,5,34.365593,-64.06944
20210413,C:\junha\Datasets\LTDv2\frames\frames\20210413\clip_13_0542\image_0115.jpg,5,34.291775,-64.0309
20210413,C:\junha\Datasets\LTDv2\frames\frames\20210413\clip_13_0542\image_0116.jpg,5,32.66913,-65.24489
20210413,C:\junha\Datasets\LTDv2\frames\frames\20210413\clip_13_0542\image_0117.jpg,5,32.73232,-64.87047
20210413,C:\junha\Datasets\LTDv2\frames\frames\20210413\clip_13_0542\image_0118.jpg,5,33.024807,-64.64501
20210413,C:\junha\Datasets\LTDv2\frames\frames\20210413\clip_13_0542\image_0119.jpg,5,36.3001,-64.35406
20210413,C:\junha\Datasets\LTDv2\frames\frames\20210413\clip_14_0610\image_0000.jpg,5,21.702663,-72.62162
20210413,C:\junha\Datasets\LTDv2\frames\frames\20210413\clip_14_0610\image_0001.jpg,5,21.649488,-72.611115
20210413,C:\junha\Datasets\LTDv2\frames\frames\20210413\clip_14_0610\image_0002.jpg,5,22.891663,-72.36796
20210413,C:\junha\Datasets\LTDv2\frames\frames\20210413\clip_14_0610\image_0003.jpg,5,22.940304,-72.46057
20210413,C:\junha\Datasets\LTDv2\frames\frames\20210413\clip_14_0610\image_0004.jpg,5,23.161785,-72.820145
20210413,C:\junha\Datasets\LTDv2\frames\frames\20210413\clip_14_0610\image_0005.jpg,5,23.160275,-72.646416
20210413,C:\junha\Datasets\LTDv2\frames\frames\20210413\clip_14_0610\image_0006.jpg,5,22.410656,-71.86641
20210413,C:\junha\Datasets\LTDv2\frames\frames\20210413\clip_14_0610\image_0007.jpg,5,19.444132,-73.53868
20210413,C:\junha\Datasets\LTDv2\frames\frames\20210413\clip_14_0610\image_0008.jpg,5,17.965754,-72.70411
20210413,C:\junha\Datasets\LTDv2\frames\frames\20210413\clip_14_0610\image_0009.jpg,5,12.557079,-74.36724
20210413,C:\junha\Datasets\LTDv2\frames\frames\20210413\clip_14_0610\image_0010.jpg,5,11.4177885,-74.07851
20210413,C:\junha\Datasets\LTDv2\frames\frames\20210413\clip_14_0610\image_0011.jpg,5,11.397434,-73.8729
20210413,C:\junha\Datasets\LTDv2\frames\frames\20210413\clip_14_0610\image_0012.jpg,5,11.426987,-73.85331
20210413,C:\junha\Datasets\LTDv2\frames\frames\20210413\clip_14_0610\image_0013.jpg,5,11.611397,-73.96324
20210413,C:\junha\Datasets\LTDv2\frames\frames\20210413\clip_14_0610\image_0014.jpg,5,10.9175825,-73.494576
20210413,C:\junha\Datasets\LTDv2\frames\frames\20210413\clip_14_0610\image_0015.jpg,5,10.925816,-73.40307
20210413,C:\junha\Datasets\LTDv2\frames\frames\20210413\clip_14_0610\image_0016.jpg,5,14.538709,-76.42103
20210413,C:\junha\Datasets\LTDv2\frames\frames\20210413\clip_14_0610\image_0017.jpg,5,14.499513,-76.3442
20210413,C:\junha\Datasets\LTDv2\frames\frames\20210413\clip_14_0610\image_0018.jpg,5,14.353221,-75.96364
20210413,C:\junha\Datasets\LTDv2\frames\frames\20210413\clip_14_0610\image_0019.jpg,5,15.10987,-73.47034
20210413,C:\junha\Datasets\LTDv2\frames\frames\20210413\clip_14_0610\image_0020.jpg,5,11.405938,-74.67671
20210413,C:\junha\Datasets\LTDv2\frames\frames\20210413\clip_14_0610\image_0021.jpg,5,11.475655,-74.55517
20210413,C:\junha\Datasets\LTDv2\frames\frames\20210413\clip_14_0610\image_0022.jpg,5,12.1830635,-74.8499
20210413,C:\junha\Datasets\LTDv2\frames\frames\20210413\clip_14_0610\image_0023.jpg,5,12.229368,-74.92492
20210413,C:\junha\Datasets\LTDv2\frames\frames\20210413\clip_14_0610\image_0024.jpg,5,19.82334,-74.20279
20210413,C:\junha\Datasets\LTDv2\frames\frames\20210413\clip_14_0610\image_0025.jpg,5,19.984144,-74.1918
20210413,C:\junha\Datasets\LTDv2\frames\frames\20210413\clip_14_0610\image_0026.jpg,5,19.364777,-72.6163
20210413,C:\junha\Datasets\LTDv2\frames\frames\20210413\clip_14_0610\image_0027.jpg,5,19.388586,-72.59269
20210413,C:\junha\Datasets\LTDv2\frames\frames\20210413\clip_14_0610\image_0028.jpg,5,29.034859,-71.400955
20210413,C:\junha\Datasets\LTDv2\frames\frames\20210413\clip_14_0610\image_0029.jpg,5,16.822002,-71.63284
20210413,C:\junha\Datasets\LTDv2\frames\frames\20210413\clip_14_0610\image_0030.jpg,5,16.257078,-72.906525
20210413,C:\junha\Datasets\LTDv2\frames\frames\20210413\clip_14_0610\image_0031.jpg,5,16.208443,-72.55337
20210413,C:\junha\Datasets\LTDv2\frames\frames\20210413\clip_14_0610\image_0032.jpg,5,13.560545,-73.35879
20210413,C:\junha\Datasets\LTDv2\frames\frames\20210413\clip_14_0610\image_0033.jpg,5,13.75788,-73.812775
20210413,C:\junha\Datasets\LTDv2\frames\frames\20210413\clip_14_0610\image_0034.jpg,5,15.035319,-72.44787
20210413,C:\junha\Datasets\LTDv2\frames\frames\20210413\clip_14_0610\image_0035.jpg,5,15.000213,-72.379974
20210413,C:\junha\Datasets\LTDv2\frames\frames\20210413\clip_14_0610\image_0036.jpg,5,15.636239,-73.16743
20210413,C:\junha\Datasets\LTDv2\frames\frames\20210413\clip_14_0610\image_0037.jpg,5,15.792724,-72.4748
20210413,C:\junha\Datasets\LTDv2\frames\frames\20210413\clip_14_0610\image_0038.jpg,5,17.746452,-72.04247
20210413,C:\junha\Datasets\LTDv2\frames\frames\20210413\clip_14_0610\image_0039.jpg,5,11.003338,-73.121635
20210413,C:\junha\Datasets\LTDv2\frames\frames\20210413\clip_14_0610\image_0040.jpg,5,18.069496,-72.670006
20210413,C:\junha\Datasets\LTDv2\frames\frames\20210413\clip_14_0610\image_0041.jpg,5,15.315131,-71.78505
20210413,C:\junha\Datasets\LTDv2\frames\frames\20210413\clip_14_0610\image_0042.jpg,5,13.707753,-74.87928
20210413,C:\junha\Datasets\LTDv2\frames\frames\20210413\clip_14_0610\image_0043.jpg,5,13.543727,-74.91658
20210413,C:\junha\Datasets\LTDv2\frames\frames\20210413\clip_14_0610\image_0044.jpg,5,19.444143,-71.5489
20210413,C:\junha\Datasets\LTDv2\frames\frames\20210413\clip_14_0610\image_0045.jpg,5,19.294327,-71.79208
20210413,C:\junha\Datasets\LTDv2\frames\frames\20210413\clip_14_0610\image_0046.jpg,5,20.073261,-69.90639
20210413,C:\junha\Datasets\LTDv2\frames\frames\20210413\clip_14_0610\image_0047.jpg,5,20.95473,-69.341385
20210413,C:\junha\Datasets\LTDv2\frames\frames\20210413\clip_14_0610\image_0048.jpg,5,16.531807,-73.90711
20210413,C:\junha\Datasets\LTDv2\frames\frames\20210413\clip_14_0610\image_0049.jpg,5,16.799799,-73.845184
20210413,C:\junha\Datasets\LTDv2\frames\frames\20210413\clip_14_0610\image_0050.jpg,5,19.279095,-69.195114
20210413,C:\junha\Datasets\LTDv2\frames\frames\20210413\clip_14_0610\image_0051.jpg,5,19.76849,-69.23368
20210413,C:\junha\Datasets\LTDv2\frames\frames\20210413\clip_14_0610\image_0052.jpg,5,18.5521,-69.49357
20210413,C:\junha\Datasets\LTDv2\frames\frames\20210413\clip_14_0610\image_0053.jpg,5,18.794493,-69.458954
20210413,C:\junha\Datasets\LTDv2\frames\frames\20210413\clip_14_0610\image_0054.jpg,5,17.61855,-69.629555
20210413,C:\junha\Datasets\LTDv2\frames\frames\20210413\clip_14_0610\image_0055.jpg,5,18.005234,-69.561195
20210413,C:\junha\Datasets\LTDv2\frames\frames\20210413\clip_14_0610\image_0056.jpg,5,15.462983,-74.75841
20210413,C:\junha\Datasets\LTDv2\frames\frames\20210413\clip_14_0610\image_0057.jpg,5,15.541298,-74.77934
20210413,C:\junha\Datasets\LTDv2\frames\frames\20210413\clip_14_0610\image_0058.jpg,5,20.42011,-70.50397
20210413,C:\junha\Datasets\LTDv2\frames\frames\20210413\clip_14_0610\image_0059.jpg,5,19.758661,-69.88538
20210413,C:\junha\Datasets\LTDv2\frames\frames\20210413\clip_14_0610\image_0060.jpg,5,16.227083,-71.23274
20210413,C:\junha\Datasets\LTDv2\frames\frames\20210413\clip_14_0610\image_0061.jpg,5,16.619299,-71.10724
20210413,C:\junha\Datasets\LTDv2\frames\frames\20210413\clip_14_0610\image_0062.jpg,5,12.291036,-72.32216
20210413,C:\junha\Datasets\LTDv2\frames\frames\20210413\clip_14_0610\image_0063.jpg,5,16.088404,-71.21527
20210413,C:\junha\Datasets\LTDv2\frames\frames\20210413\clip_14_0610\image_0064.jpg,5,18.711735,-73.656456
20210413,C:\junha\Datasets\LTDv2\frames\frames\20210413\clip_14_0610\image_0065.jpg,5,22.790846,-70.99108
20210413,C:\junha\Datasets\LTDv2\frames\frames\20210413\clip_14_0610\image_0066.jpg,5,18.39443,-73.9774
20210413,C:\junha\Datasets\LTDv2\frames\frames\20210413\clip_14_0610\image_0067.jpg,5,18.023819,-74.019035
20210413,C:\junha\Datasets\LTDv2\frames\frames\20210413\clip_14_0610\image_0068.jpg,5,18.111258,-72.298325
20210413,C:\junha\Datasets\LTDv2\frames\frames\20210413\clip_14_0610\image_0069.jpg,5,18.529043,-73.81122
20210413,C:\junha\Datasets\LTDv2\frames\frames\20210413\clip_14_0610\image_0070.jpg,5,22.510536,-70.21084
20210413,C:\junha\Datasets\LTDv2\frames\frames\20210413\clip_14_0610\image_0071.jpg,5,21.803709,-69.51683
20210413,C:\junha\Datasets\LTDv2\frames\frames\20210413\clip_14_0610\image_0072.jpg,5,23.803926,-70.61949
20210413,C:\junha\Datasets\LTDv2\frames\frames\20210413\clip_14_0610\image_0073.jpg,5,23.74124,-70.52654
20210413,C:\junha\Datasets\LTDv2\frames\frames\20210413\clip_14_0610\image_0074.jpg,5,23.34346,-70.525566
20210413,C:\junha\Datasets\LTDv2\frames\frames\20210413\clip_14_0610\image_0075.jpg,5,23.27435,-70.529655
20210413,C:\junha\Datasets\LTDv2\frames\frames\20210413\clip_14_0610\image_0076.jpg,5,17.14277,-73.96888
20210413,C:\junha\Datasets\LTDv2\frames\frames\20210413\clip_14_0610\image_0077.jpg,5,17.155062,-74.07219
20210413,C:\junha\Datasets\LTDv2\frames\frames\20210413\clip_14_0610\image_0078.jpg,5,22.821962,-71.490974
20210413,C:\junha\Datasets\LTDv2\frames\frames\20210413\clip_14_0610\image_0079.jpg,5,14.5518875,-71.723236
20210413,C:\junha\Datasets\LTDv2\frames\frames\20210413\clip_14_0610\image_0080.jpg,5,22.493582,-70.48783
20210413,C:\junha\Datasets\LTDv2\frames\frames\20210413\clip_14_0610\image_0081.jpg,5,22.337809,-70.35241
20210413,C:\junha\Datasets\LTDv2\frames\frames\20210413\clip_14_0610\image_0082.jpg,5,22.257496,-70.45379
20210413,C:\junha\Datasets\LTDv2\frames\frames\20210413\clip_14_0610\image_0083.jpg,5,22.344603,-70.11246
20210413,C:\junha\Datasets\LTDv2\frames\frames\20210413\clip_14_0610\image_0084.jpg,5,21.697989,-69.02545
20210413,C:\junha\Datasets\LTDv2\frames\frames\20210413\clip_14_0610\image_0085.jpg,5,21.51162,-68.973656
20210413,C:\junha\Datasets\LTDv2\frames\frames\20210413\clip_14_0610\image_0086.jpg,5,18.136702,-69.19921
20210413,C:\junha\Datasets\LTDv2\frames\frames\20210413\clip_14_0610\image_0087.jpg,5,18.113441,-69.291725
20210413,C:\junha\Datasets\LTDv2\frames\frames\20210413\clip_14_0610\image_0088.jpg,5,16.99019,-71.066444
20210413,C:\junha\Datasets\LTDv2\frames\frames\20210413\clip_14_0610\image_0089.jpg,5,11.877687,-72.42459
20210413,C:\junha\Datasets\LTDv2\frames\frames\20210413\clip_14_0610\image_0090.jpg,5,11.503158,-72.2517
20210413,C:\junha\Datasets\LTDv2\frames\frames\20210413\clip_14_0610\image_0091.jpg,5,11.348979,-72.34948
20210413,C:\junha\Datasets\LTDv2\frames\frames\20210413\clip_14_0610\image_0092.jpg,5,17.317562,-68.09539
20210413,C:\junha\Datasets\LTDv2\frames\frames\20210413\clip_14_0610\image_0093.jpg,5,17.451807,-68.27131
20210413,C:\junha\Datasets\LTDv2\frames\frames\20210413\clip_14_0610\image_0094.jpg,5,12.031876,-71.11486
20210413,C:\junha\Datasets\LTDv2\frames\frames\20210413\clip_14_0610\image_0095.jpg,5,17.343185,-68.16604
20210413,C:\junha\Datasets\LTDv2\frames\frames\20210413\clip_14_0610\image_0096.jpg,5,13.057802,-71.626274
20210413,C:\junha\Datasets\LTDv2\frames\frames\20210413\clip_14_0610\image_0097.jpg,5,13.162085,-71.76872
20210413,C:\junha\Datasets\LTDv2\frames\frames\20210413\clip_14_0610\image_0098.jpg,5,12.774127,-72.07167
20210413,C:\junha\Datasets\LTDv2\frames\frames\20210413\clip_14_0610\image_0099.jpg,5,11.159087,-72.32883
20210413,C:\junha\Datasets\LTDv2\frames\frames\20210413\clip_14_0610\image_0100.jpg,5,14.056281,-74.21198
20210413,C:\junha\Datasets\LTDv2\frames\frames\20210413\clip_14_0610\image_0101.jpg,5,14.404547,-74.37631
20210413,C:\junha\Datasets\LTDv2\frames\frames\20210413\clip_14_0610\image_0102.jpg,5,15.80702,-74.28293
20210413,C:\junha\Datasets\LTDv2\frames\frames\20210413\clip_14_0610\image_0103.jpg,5,19.113539,-70.79273
20210413,C:\junha\Datasets\LTDv2\frames\frames\20210413\clip_14_0610\image_0104.jpg,5,13.987448,-73.04048
20210413,C:\junha\Datasets\LTDv2\frames\frames\20210413\clip_14_0610\image_0105.jpg,5,14.472054,-72.821236
20210413,C:\junha\Datasets\LTDv2\frames\frames\20210413\clip_14_0610\image_0106.jpg,5,17.987411,-71.136894
20210413,C:\junha\Datasets\LTDv2\frames\frames\20210413\clip_14_0610\image_0107.jpg,5,14.083034,-72.61255
20210413,C:\junha\Datasets\LTDv2\frames\frames\20210413\clip_14_0610\image_0108.jpg,5,30.000072,-54.709873
20210413,C:\junha\Datasets\LTDv2\frames\frames\20210413\clip_14_0610\image_0109.jpg,5,11.459469,-72.5485
20210413,C:\junha\Datasets\LTDv2\frames\frames\20210413\clip_14_0610\image_0110.jpg,5,15.960188,-75.61244
20210413,C:\junha\Datasets\LTDv2\frames\frames\20210413\clip_14_0610\image_0111.jpg,5,15.863495,-75.558105
20210413,C:\junha\Datasets\LTDv2\frames\frames\20210413\clip_14_0610\image_0112.jpg,5,17.395636,-75.888794
20210413,C:\junha\Datasets\LTDv2\frames\frames\20210413\clip_14_0610\image_0113.jpg,5,16.910551,-75.93964
20210413,C:\junha\Datasets\LTDv2\frames\frames\20210413\clip_14_0610\image_0114.jpg,5,16.476082,-75.917305
20210413,C:\junha\Datasets\LTDv2\frames\frames\20210413\clip_14_0610\image_0115.jpg,5,16.390493,-75.9257
20210413,C:\junha\Datasets\LTDv2\frames\frames\20210413\clip_14_0610\image_0116.jpg,5,16.901796,-76.48679
20210413,C:\junha\Datasets\LTDv2\frames\frames\20210413\clip_14_0610\image_0117.jpg,5,17.052616,-76.43536
20210413,C:\junha\Datasets\LTDv2\frames\frames\20210413\clip_14_0610\image_0118.jpg,5,17.670633,-70.70424
20210413,C:\junha\Datasets\LTDv2\frames\frames\20210413\clip_14_0610\image_0119.jpg,5,17.392105,-70.89037
20210413,C:\junha\Datasets\LTDv2\frames\frames\20210413\clip_15_0638\image_0000.jpg,7,67.44723,-39.011177
20210413,C:\junha\Datasets\LTDv2\frames\frames\20210413\clip_15_0638\image_0001.jpg,7,66.17702,-40.421444
20210413,C:\junha\Datasets\LTDv2\frames\frames\20210413\clip_15_0638\image_0002.jpg,7,66.12736,-40.4936
20210413,C:\junha\Datasets\LTDv2\frames\frames\20210413\clip_15_0638\image_0003.jpg,7,66.04228,-40.082283
20210413,C:\junha\Datasets\LTDv2\frames\frames\20210413\clip_15_0638\image_0004.jpg,7,66.05594,-40.090378
20210413,C:\junha\Datasets\LTDv2\frames\frames\20210413\clip_15_0638\image_0005.jpg,7,65.70448,-38.496056
20210413,C:\junha\Datasets\LTDv2\frames\frames\20210413\clip_15_0638\image_0006.jpg,7,65.71992,-38.59803
20210413,C:\junha\Datasets\LTDv2\frames\frames\20210413\clip_15_0638\image_0007.jpg,7,66.831505,-39.021603
20210413,C:\junha\Datasets\LTDv2\frames\frames\20210413\clip_15_0638\image_0008.jpg,7,66.83036,-39.047905
20210413,C:\junha\Datasets\LTDv2\frames\frames\20210413\clip_15_0638\image_0009.jpg,7,68.756386,-40.72219
20210413,C:\junha\Datasets\LTDv2\frames\frames\20210413\clip_15_0638\image_0010.jpg,7,68.71715,-40.792084
20210413,C:\junha\Datasets\LTDv2\frames\frames\20210413\clip_15_0638\image_0011.jpg,7,68.123985,-40.110275
20210413,C:\junha\Datasets\LTDv2\frames\frames\20210413\clip_15_0638\image_0012.jpg,7,68.17527,-40.11141
20210413,C:\junha\Datasets\LTDv2\frames\frames\20210413\clip_15_0638\image_0013.jpg,7,66.093506,-38.320633
20210413,C:\junha\Datasets\LTDv2\frames\frames\20210413\clip_15_0638\image_0014.jpg,7,66.03867,-38.339348
20210413,C:\junha\Datasets\LTDv2\frames\frames\20210413\clip_15_0638\image_0015.jpg,7,66.79722,-37.998856
20210413,C:\junha\Datasets\LTDv2\frames\frames\20210413\clip_15_0638\image_0016.jpg,7,66.86682,-38.068367
20210413,C:\junha\Datasets\LTDv2\frames\frames\20210413\clip_15_0638\image_0017.jpg,7,65.99775,-38.074707
20210413,C:\junha\Datasets\LTDv2\frames\frames\20210413\clip_15_0638\image_0018.jpg,7,66.134224,-38.014248
20210413,C:\junha\Datasets\LTDv2\frames\frames\20210413\clip_15_0638\image_0019.jpg,7,67.703804,-38.120003
20210413,C:\junha\Datasets\LTDv2\frames\frames\20210413\clip_15_0638\image_0020.jpg,7,67.711395,-38.097897
20210413,C:\junha\Datasets\LTDv2\frames\frames\20210413\clip_15_0638\image_0021.jpg,7,68.74842,-39.41954
20210413,C:\junha\Datasets\LTDv2\frames\frames\20210413\clip_15_0638\image_0022.jpg,7,67.987305,-39.26054
20210413,C:\junha\Datasets\LTDv2\frames\frames\20210413\clip_15_0638\image_0023.jpg,7,69.7886,-39.01317
20210413,C:\junha\Datasets\LTDv2\frames\frames\20210413\clip_15_0638\image_0024.jpg,7,69.89723,-39.089317
20210413,C:\junha\Datasets\LTDv2\frames\frames\20210413\clip_15_0638\image_0025.jpg,7,69.785995,-41.84825
20210413,C:\junha\Datasets\LTDv2\frames\frames\20210413\clip_15_0638\image_0026.jpg,7,69.83234,-41.772396
20210413,C:\junha\Datasets\LTDv2\frames\frames\20210413\clip_15_0638\image_0027.jpg,7,69.931725,-39.69153
20210413,C:\junha\Datasets\LTDv2\frames\frames\20210413\clip_15_0638\image_0028.jpg,7,70.13418,-39.714935
20210413,C:\junha\Datasets\LTDv2\frames\frames\20210413\clip_15_0638\image_0029.jpg,7,69.18978,-38.826084
20210413,C:\junha\Datasets\LTDv2\frames\frames\20210413\clip_15_0638\image_0030.jpg,7,69.12032,-38.769928
20210413,C:\junha\Datasets\LTDv2\frames\frames\20210413\clip_15_0638\image_0031.jpg,7,69.43598,-40.008347
20210413,C:\junha\Datasets\LTDv2\frames\frames\20210413\clip_15_0638\image_0032.jpg,7,69.63574,-39.868
20210413,C:\junha\Datasets\LTDv2\frames\frames\20210413\clip_15_0638\image_0033.jpg,7,68.62096,-39.406754
20210413,C:\junha\Datasets\LTDv2\frames\frames\20210413\clip_15_0638\image_0034.jpg,7,68.75502,-39.500576
20210413,C:\junha\Datasets\LTDv2\frames\frames\20210413\clip_15_0638\image_0035.jpg,7,67.79335,-42.97651
20210413,C:\junha\Datasets\LTDv2\frames\frames\20210413\clip_15_0638\image_0036.jpg,7,67.76185,-43.037632
20210413,C:\junha\Datasets\LTDv2\frames\frames\20210413\clip_15_0638\image_0037.jpg,7,68.100945,-42.45943
20210413,C:\junha\Datasets\LTDv2\frames\frames\20210413\clip_15_0638\image_0038.jpg,7,68.395874,-42.320415
20210413,C:\junha\Datasets\LTDv2\frames\frames\20210413\clip_15_0638\image_0039.jpg,7,69.3322,-42.32336
20210413,C:\junha\Datasets\LTDv2\frames\frames\20210413\clip_15_0638\image_0040.jpg,7,65.52094,-44.574493
20210413,C:\junha\Datasets\LTDv2\frames\frames\20210413\clip_15_0638\image_0041.jpg,7,68.4511,-41.32052
20210413,C:\junha\Datasets\LTDv2\frames\frames\20210413\clip_15_0638\image_0042.jpg,7,68.35553,-41.389767
20210413,C:\junha\Datasets\LTDv2\frames\frames\20210413\clip_15_0638\image_0043.jpg,7,64.80292,-43.537907
20210413,C:\junha\Datasets\LTDv2\frames\frames\20210413\clip_15_0638\image_0044.jpg,7,64.80945,-43.58863
20210413,C:\junha\Datasets\LTDv2\frames\frames\20210413\clip_15_0638\image_0045.jpg,7,65.881744,-44.443287
20210413,C:\junha\Datasets\LTDv2\frames\frames\20210413\clip_15_0638\image_0046.jpg,7,65.83378,-44.664486
20210413,C:\junha\Datasets\LTDv2\frames\frames\20210413\clip_15_0638\image_0047.jpg,7,65.09925,-42.209816
20210413,C:\junha\Datasets\LTDv2\frames\frames\20210413\clip_15_0638\image_0048.jpg,7,65.009705,-42.283867
20210413,C:\junha\Datasets\LTDv2\frames\frames\20210413\clip_15_0638\image_0049.jpg,7,70.22787,-42.827835
20210413,C:\junha\Datasets\LTDv2\frames\frames\20210413\clip_15_0638\image_0050.jpg,7,70.202126,-42.823044
20210413,C:\junha\Datasets\LTDv2\frames\frames\20210413\clip_15_0638\image_0051.jpg,7,62.884968,-46.266705
20210413,C:\junha\Datasets\LTDv2\frames\frames\20210413\clip_15_0638\image_0052.jpg,7,62.95713,-46.219173
20210413,C:\junha\Datasets\LTDv2\frames\frames\20210413\clip_15_0638\image_0053.jpg,7,63.202255,-45.727013
20210413,C:\junha\Datasets\LTDv2\frames\frames\20210413\clip_15_0638\image_0054.jpg,7,63.006104,-45.704697
20210413,C:\junha\Datasets\LTDv2\frames\frames\20210413\clip_15_0638\image_0055.jpg,7,65.42251,-45.021896
20210413,C:\junha\Datasets\LTDv2\frames\frames\20210413\clip_15_0638\image_0056.jpg,7,64.08082,-46.21965
20210413,C:\junha\Datasets\LTDv2\frames\frames\20210413\clip_15_0638\image_0057.jpg,7,66.216515,-43.247265
20210413,C:\junha\Datasets\LTDv2\frames\frames\20210413\clip_15_0638\image_0058.jpg,7,66.300224,-43.203396
20210413,C:\junha\Datasets\LTDv2\frames\frames\20210413\clip_15_0638\image_0059.jpg,7,62.911625,-45.285126
20210413,C:\junha\Datasets\LTDv2\frames\frames\20210413\clip_15_0638\image_0060.jpg,7,66.08308,-42.55095
20210413,C:\junha\Datasets\LTDv2\frames\frames\20210413\clip_15_0638\image_0061.jpg,7,66.72755,-42.983936
20210413,C:\junha\Datasets\LTDv2\frames\frames\20210413\clip_15_0638\image_0062.jpg,7,65.91888,-44.31724
20210413,C:\junha\Datasets\LTDv2\frames\frames\20210413\clip_15_0638\image_0063.jpg,7,65.836365,-45.153027
20210413,C:\junha\Datasets\LTDv2\frames\frames\20210413\clip_15_0638\image_0064.jpg,7,65.65544,-45.493294
20210413,C:\junha\Datasets\LTDv2\frames\frames\20210413\clip_15_0638\image_0065.jpg,7,65.44216,-46.176258
20210413,C:\junha\Datasets\LTDv2\frames\frames\20210413\clip_15_0638\image_0066.jpg,7,65.52633,-45.994232
20210413,C:\junha\Datasets\LTDv2\frames\frames\20210413\clip_15_0638\image_0067.jpg,7,68.19178,-43.84967
20210413,C:\junha\Datasets\LTDv2\frames\frames\20210413\clip_15_0638\image_0068.jpg,7,68.47894,-43.616226
20210413,C:\junha\Datasets\LTDv2\frames\frames\20210413\clip_15_0638\image_0069.jpg,7,62.637024,-42.866634
20210413,C:\junha\Datasets\LTDv2\frames\frames\20210413\clip_15_0638\image_0070.jpg,7,62.69638,-42.869007
20210413,C:\junha\Datasets\LTDv2\frames\frames\20210413\clip_15_0638\image_0071.jpg,7,65.39233,-44.389164
20210413,C:\junha\Datasets\LTDv2\frames\frames\20210413\clip_15_0638\image_0072.jpg,7,64.89783,-44.28699
20210413,C:\junha\Datasets\LTDv2\frames\frames\20210413\clip_15_0638\image_0073.jpg,7,64.581726,-46.793304
20210413,C:\junha\Datasets\LTDv2\frames\frames\20210413\clip_15_0638\image_0074.jpg,7,64.64768,-46.84043
20210413,C:\junha\Datasets\LTDv2\frames\frames\20210413\clip_15_0638\image_0075.jpg,7,66.38314,-45.046432
20210413,C:\junha\Datasets\LTDv2\frames\frames\20210413\clip_15_0638\image_0076.jpg,7,66.53181,-45.02502
20210413,C:\junha\Datasets\LTDv2\frames\frames\20210413\clip_15_0638\image_0077.jpg,7,64.006714,-42.937733
20210413,C:\junha\Datasets\LTDv2\frames\frames\20210413\clip_15_0638\image_0078.jpg,7,63.74126,-43.289345
20210413,C:\junha\Datasets\LTDv2\frames\frames\20210413\clip_15_0638\image_0079.jpg,7,63.511875,-43.78302
20210413,C:\junha\Datasets\LTDv2\frames\frames\20210413\clip_15_0638\image_0080.jpg,7,63.414803,-44.09974
20210413,C:\junha\Datasets\LTDv2\frames\frames\20210413\clip_15_0638\image_0081.jpg,7,62.555367,-44.767883
20210413,C:\junha\Datasets\LTDv2\frames\frames\20210413\clip_15_0638\image_0082.jpg,7,62.43934,-44.773647
20210413,C:\junha\Datasets\LTDv2\frames\frames\20210413\clip_15_0638\image_0083.jpg,7,63.53585,-43.85448
20210413,C:\junha\Datasets\LTDv2\frames\frames\20210413\clip_15_0638\image_0084.jpg,7,63.292263,-44.157585
20210413,C:\junha\Datasets\LTDv2\frames\frames\20210413\clip_15_0638\image_0085.jpg,7,70.15827,-43.696373
20210413,C:\junha\Datasets\LTDv2\frames\frames\20210413\clip_15_0638\image_0086.jpg,7,70.108955,-43.716885
20210413,C:\junha\Datasets\LTDv2\frames\frames\20210413\clip_15_0638\image_0087.jpg,7,67.58352,-45.629818
20210413,C:\junha\Datasets\LTDv2\frames\frames\20210413\clip_15_0638\image_0088.jpg,7,67.32001,-45.55155
20210413,C:\junha\Datasets\LTDv2\frames\frames\20210413\clip_15_0638\image_0089.jpg,7,64.48751,-45.463833
20210413,C:\junha\Datasets\LTDv2\frames\frames\20210413\clip_15_0638\image_0090.jpg,7,64.07495,-45.530743
20210413,C:\junha\Datasets\LTDv2\frames\frames\20210413\clip_15_0638\image_0091.jpg,7,68.7139,-44.641193
20210413,C:\junha\Datasets\LTDv2\frames\frames\20210413\clip_15_0638\image_0092.jpg,7,68.80324,-44.64991
20210413,C:\junha\Datasets\LTDv2\frames\frames\20210413\clip_15_0638\image_0093.jpg,7,69.994705,-44.667233
20210413,C:\junha\Datasets\LTDv2\frames\frames\20210413\clip_15_0638\image_0094.jpg,7,70.11952,-44.625652
20210413,C:\junha\Datasets\LTDv2\frames\frames\20210413\clip_15_0638\image_0095.jpg,7,70.05777,-44.745598
20210413,C:\junha\Datasets\LTDv2\frames\frames\20210413\clip_15_0638\image_0096.jpg,7,69.12108,-44.610954
20210413,C:\junha\Datasets\LTDv2\frames\frames\20210413\clip_15_0638\image_0097.jpg,7,63.35795,-41.093067
20210413,C:\junha\Datasets\LTDv2\frames\frames\20210413\clip_15_0638\image_0098.jpg,7,63.365047,-41.136555
20210413,C:\junha\Datasets\LTDv2\frames\frames\20210413\clip_15_0638\image_0099.jpg,7,69.09363,-42.870987
20210413,C:\junha\Datasets\LTDv2\frames\frames\20210413\clip_15_0638\image_0100.jpg,7,68.967735,-42.904568
20210413,C:\junha\Datasets\LTDv2\frames\frames\20210413\clip_15_0638\image_0101.jpg,7,64.30522,-44.938637
20210413,C:\junha\Datasets\LTDv2\frames\frames\20210413\clip_15_0638\image_0102.jpg,7,64.281166,-44.790714
20210413,C:\junha\Datasets\LTDv2\frames\frames\20210413\clip_15_0638\image_0103.jpg,7,64.198265,-44.75249
20210413,C:\junha\Datasets\LTDv2\frames\frames\20210413\clip_15_0638\image_0104.jpg,7,66.99637,-43.911613
20210413,C:\junha\Datasets\LTDv2\frames\frames\20210413\clip_15_0638\image_0105.jpg,7,67.06604,-44.293484
20210413,C:\junha\Datasets\LTDv2\frames\frames\20210413\clip_15_0638\image_0106.jpg,7,66.94581,-44.628895
20210413,C:\junha\Datasets\LTDv2\frames\frames\20210413\clip_15_0638\image_0107.jpg,7,67.62744,-41.751553
20210413,C:\junha\Datasets\LTDv2\frames\frames\20210413\clip_15_0638\image_0108.jpg,7,70.02919,-45.889835
20210413,C:\junha\Datasets\LTDv2\frames\frames\20210413\clip_15_0638\image_0109.jpg,7,68.217186,-46.51283
20210413,C:\junha\Datasets\LTDv2\frames\frames\20210413\clip_15_0638\image_0110.jpg,7,69.74804,-46.420807
20210413,C:\junha\Datasets\LTDv2\frames\frames\20210413\clip_15_0638\image_0111.jpg,7,67.3252,-47.582016
20210413,C:\junha\Datasets\LTDv2\frames\frames\20210413\clip_15_0638\image_0112.jpg,7,67.26916,-47.574707
20210413,C:\junha\Datasets\LTDv2\frames\frames\20210413\clip_15_0638\image_0113.jpg,7,67.82268,-47.38464
20210413,C:\junha\Datasets\LTDv2\frames\frames\20210413\clip_15_0638\image_0114.jpg,7,69.62759,-46.82704
20210413,C:\junha\Datasets\LTDv2\frames\frames\20210413\clip_15_0638\image_0115.jpg,7,68.33482,-46.78572
20210413,C:\junha\Datasets\LTDv2\frames\frames\20210413\clip_15_0638\image_0116.jpg,7,68.14959,-46.669003
20210413,C:\junha\Datasets\LTDv2\frames\frames\20210413\clip_15_0638\image_0117.jpg,7,69.5605,-46.761345
20210413,C:\junha\Datasets\LTDv2\frames\frames\20210413\clip_15_0638\image_0118.jpg,7,69.32522,-46.946835
20210413,C:\junha\Datasets\LTDv2\frames\frames\20210413\clip_15_0638\image_0119.jpg,7,66.29573,-47.07006
20210413,C:\junha\Datasets\LTDv2\frames\frames\20210413\clip_16_0706\image_0000.jpg,5,0.76469344,-64.70147
20210413,C:\junha\Datasets\LTDv2\frames\frames\20210413\clip_16_0706\image_0001.jpg,5,0.437809,-65.89231
20210413,C:\junha\Datasets\LTDv2\frames\frames\20210413\clip_16_0706\image_0002.jpg,5,0.6619817,-65.58184
20210413,C:\junha\Datasets\LTDv2\frames\frames\20210413\clip_16_0706\image_0003.jpg,5,0.3382363,-65.72769
20210413,C:\junha\Datasets\LTDv2\frames\frames\20210413\clip_16_0706\image_0004.jpg,5,0.39008573,-65.72309
20210413,C:\junha\Datasets\LTDv2\frames\frames\20210413\clip_16_0706\image_0005.jpg,5,0.46706328,-66.02327
20210413,C:\junha\Datasets\LTDv2\frames\frames\20210413\clip_16_0706\image_0006.jpg,5,0.5998101,-65.96765
20210413,C:\junha\Datasets\LTDv2\frames\frames\20210413\clip_16_0706\image_0007.jpg,5,1.7835459,-64.43142
20210413,C:\junha\Datasets\LTDv2\frames\frames\20210413\clip_16_0706\image_0008.jpg,5,1.8839064,-64.1717
20210413,C:\junha\Datasets\LTDv2\frames\frames\20210413\clip_16_0706\image_0009.jpg,5,1.563606,-63.814117
20210413,C:\junha\Datasets\LTDv2\frames\frames\20210413\clip_16_0706\image_0010.jpg,5,1.4557565,-63.65585
20210413,C:\junha\Datasets\LTDv2\frames\frames\20210413\clip_16_0706\image_0011.jpg,5,1.0880378,-63.5325
20210413,C:\junha\Datasets\LTDv2\frames\frames\20210413\clip_16_0706\image_0012.jpg,5,1.625351,-63.18759
20210413,C:\junha\Datasets\LTDv2\frames\frames\20210413\clip_16_0706\image_0013.jpg,5,0.5188146,-61.595024
20210413,C:\junha\Datasets\LTDv2\frames\frames\20210413\clip_16_0706\image_0014.jpg,5,0.65043414,-61.616264
20210413,C:\junha\Datasets\LTDv2\frames\frames\20210413\clip_16_0706\image_0015.jpg,5,0.68880486,-61.380184
20210413,C:\junha\Datasets\LTDv2\frames\frames\20210413\clip_16_0706\image_0016.jpg,5,0.6674229,-61.56864
20210413,C:\junha\Datasets\LTDv2\frames\frames\20210413\clip_16_0706\image_0017.jpg,5,0.26417854,-61.336464
20210413,C:\junha\Datasets\LTDv2\frames\frames\20210413\clip_16_0706\image_0018.jpg,5,4.58361,-57.95692
20210413,C:\junha\Datasets\LTDv2\frames\frames\20210413\clip_16_0706\image_0019.jpg,5,0.06946236,-60.125065
20210413,C:\junha\Datasets\LTDv2\frames\frames\20210413\clip_16_0706\image_0020.jpg,5,0.35429356,-59.96694
20210413,C:\junha\Datasets\LTDv2\frames\frames\20210413\clip_16_0706\image_0021.jpg,5,-0.10631527,-60.94563
20210413,C:\junha\Datasets\LTDv2\frames\frames\20210413\clip_16_0706\image_0022.jpg,5,0.085249454,-61.023247
20210413,C:\junha\Datasets\LTDv2\frames\frames\20210413\clip_16_0706\image_0023.jpg,5,4.3566313,-58.260536
20210413,C:\junha\Datasets\LTDv2\frames\frames\20210413\clip_16_0706\image_0024.jpg,5,3.375232,-59.151276
20210413,C:\junha\Datasets\LTDv2\frames\frames\20210413\clip_16_0706\image_0025.jpg,5,4.894981,-58.006203
20210413,C:\junha\Datasets\LTDv2\frames\frames\20210413\clip_16_0706\image_0026.jpg,5,4.692807,-58.12885
20210413,C:\junha\Datasets\LTDv2\frames\frames\20210413\clip_16_0706\image_0027.jpg,5,4.854108,-58.044228
20210413,C:\junha\Datasets\LTDv2\frames\frames\20210413\clip_16_0706\image_0028.jpg,5,5.039214,-57.861317
20210413,C:\junha\Datasets\LTDv2\frames\frames\20210413\clip_16_0706\image_0029.jpg,5,-0.513116,-60.536324
20210413,C:\junha\Datasets\LTDv2\frames\frames\20210413\clip_16_0706\image_0030.jpg,5,-0.44175848,-60.692596
20210413,C:\junha\Datasets\LTDv2\frames\frames\20210413\clip_16_0706\image_0031.jpg,5,0.5964678,-62.62355
20210413,C:\junha\Datasets\LTDv2\frames\frames\20210413\clip_16_0706\image_0032.jpg,5,0.9301451,-62.725506
20210413,C:\junha\Datasets\LTDv2\frames\frames\20210413\clip_16_0706\image_0033.jpg,1,-1.0417213,-62.538914
20210413,C:\junha\Datasets\LTDv2\frames\frames\20210413\clip_16_0706\image_0034.jpg,1,-1.0036708,-62.68585
20210413,C:\junha\Datasets\LTDv2\frames\frames\20210413\clip_16_0706\image_0035.jpg,5,0.23340923,-62.38865
20210413,C:\junha\Datasets\LTDv2\frames\frames\20210413\clip_16_0706\image_0036.jpg,5,0.036220204,-62.412994
20210413,C:\junha\Datasets\LTDv2\frames\frames\20210413\clip_16_0706\image_0037.jpg,5,0.40136236,-64.24405
20210413,C:\junha\Datasets\LTDv2\frames\frames\20210413\clip_16_0706\image_0038.jpg,5,0.39834255,-64.49746
20210413,C:\junha\Datasets\LTDv2\frames\frames\20210413\clip_16_0706\image_0039.jpg,1,-2.186522,-64.297264
20210413,C:\junha\Datasets\LTDv2\frames\frames\20210413\clip_16_0706\image_0040.jpg,1,-2.0202594,-64.2426
20210413,C:\junha\Datasets\LTDv2\frames\frames\20210413\clip_16_0706\image_0041.jpg,1,-2.297106,-64.13066
20210413,C:\junha\Datasets\LTDv2\frames\frames\20210413\clip_16_0706\image_0042.jpg,5,-0.5004608,-62.97851
20210413,C:\junha\Datasets\LTDv2\frames\frames\20210413\clip_16_0706\image_0043.jpg,5,-0.15829892,-63.08439
20210413,C:\junha\Datasets\LTDv2\frames\frames\20210413\clip_16_0706\image_0044.jpg,1,-1.7987,-63.33813
20210413,C:\junha\Datasets\LTDv2\frames\frames\20210413\clip_16_0706\image_0045.jpg,5,-0.30255246,-62.75552
20210413,C:\junha\Datasets\LTDv2\frames\frames\20210413\clip_16_0706\image_0046.jpg,5,-0.93492013,-62.720066
20210413,C:\junha\Datasets\LTDv2\frames\frames\20210413\clip_16_0706\image_0047.jpg,1,-2.6937103,-62.654903
20210413,C:\junha\Datasets\LTDv2\frames\frames\20210413\clip_16_0706\image_0048.jpg,1,-2.7427595,-62.63637
20210413,C:\junha\Datasets\LTDv2\frames\frames\20210413\clip_16_0706\image_0049.jpg,1,-2.5662405,-62.375175
20210413,C:\junha\Datasets\LTDv2\frames\frames\20210413\clip_16_0706\image_0050.jpg,1,-2.6849675,-62.39901
20210413,C:\junha\Datasets\LTDv2\frames\frames\20210413\clip_16_0706\image_0051.jpg,5,1.4226981,-60.618607
20210413,C:\junha\Datasets\LTDv2\frames\frames\20210413\clip_16_0706\image_0052.jpg,5,2.9594088,-59.837147
20210413,C:\junha\Datasets\LTDv2\frames\frames\20210413\clip_16_0706\image_0053.jpg,5,2.1408896,-60.91822
20210413,C:\junha\Datasets\LTDv2\frames\frames\20210413\clip_16_0706\image_0054.jpg,5,1.7744517,-61.18725
20210413,C:\junha\Datasets\LTDv2\frames\frames\20210413\clip_16_0706\image_0055.jpg,5,1.4671735,-61.486275
20210413,C:\junha\Datasets\LTDv2\frames\frames\20210413\clip_16_0706\image_0056.jpg,5,3.2588518,-62.55122
20210413,C:\junha\Datasets\LTDv2\frames\frames\20210413\clip_16_0706\image_0057.jpg,5,3.371595,-62.197235
20210413,C:\junha\Datasets\LTDv2\frames\frames\20210413\clip_16_0706\image_0058.jpg,5,2.938704,-62.161034
20210413,C:\junha\Datasets\LTDv2\frames\frames\20210413\clip_16_0706\image_0059.jpg,5,2.9336238,-63.625565
20210413,C:\junha\Datasets\LTDv2\frames\frames\20210413\clip_16_0706\image_0060.jpg,5,3.347452,-63.942123
20210413,C:\junha\Datasets\LTDv2\frames\frames\20210413\clip_16_0706\image_0061.jpg,5,3.0674675,-60.918404
20210413,C:\junha\Datasets\LTDv2\frames\frames\20210413\clip_16_0706\image_0062.jpg,5,3.1934671,-60.827747
20210413,C:\junha\Datasets\LTDv2\frames\frames\20210413\clip_16_0706\image_0063.jpg,5,2.4519815,-63.37311
20210413,C:\junha\Datasets\LTDv2\frames\frames\20210413\clip_16_0706\image_0064.jpg,5,2.0098312,-62.808067
20210413,C:\junha\Datasets\LTDv2\frames\frames\20210413\clip_16_0706\image_0065.jpg,5,8.418648,-61.615555
20210413,C:\junha\Datasets\LTDv2\frames\frames\20210413\clip_16_0706\image_0066.jpg,5,8.872835,-61.566727
20210413,C:\junha\Datasets\LTDv2\frames\frames\20210413\clip_16_0706\image_0067.jpg,5,9.007402,-61.26785
20210413,C:\junha\Datasets\LTDv2\frames\frames\20210413\clip_16_0706\image_0068.jpg,5,9.279014,-61.126637
20210413,C:\junha\Datasets\LTDv2\frames\frames\20210413\clip_16_0706\image_0069.jpg,5,4.462864,-60.246403
20210413,C:\junha\Datasets\LTDv2\frames\frames\20210413\clip_16_0706\image_0070.jpg,5,4.953123,-59.62438
20210413,C:\junha\Datasets\LTDv2\frames\frames\20210413\clip_16_0706\image_0071.jpg,5,8.673805,-59.277542
20210413,C:\junha\Datasets\LTDv2\frames\frames\20210413\clip_16_0706\image_0072.jpg,5,9.053538,-59.182854
20210413,C:\junha\Datasets\LTDv2\frames\frames\20210413\clip_16_0706\image_0073.jpg,5,9.248835,-59.198338
20210413,C:\junha\Datasets\LTDv2\frames\frames\20210413\clip_16_0706\image_0074.jpg,5,8.311529,-59.340824
20210413,C:\junha\Datasets\LTDv2\frames\frames\20210413\clip_16_0706\image_0075.jpg,5,6.093936,-61.72212
20210413,C:\junha\Datasets\LTDv2\frames\frames\20210413\clip_16_0706\image_0076.jpg,5,6.2670484,-60.718544
20210413,C:\junha\Datasets\LTDv2\frames\frames\20210413\clip_16_0706\image_0077.jpg,5,5.52174,-60.858444
20210413,C:\junha\Datasets\LTDv2\frames\frames\20210413\clip_16_0706\image_0078.jpg,5,4.672295,-60.225372
20210413,C:\junha\Datasets\LTDv2\frames\frames\20210413\clip_16_0706\image_0079.jpg,5,7.6769195,-64.06604
20210413,C:\junha\Datasets\LTDv2\frames\frames\20210413\clip_16_0706\image_0080.jpg,5,7.7980394,-64.083824
20210413,C:\junha\Datasets\LTDv2\frames\frames\20210413\clip_16_0706\image_0081.jpg,5,7.6128874,-64.28093
20210413,C:\junha\Datasets\LTDv2\frames\frames\20210413\clip_16_0706\image_0082.jpg,5,7.579442,-64.24125
20210413,C:\junha\Datasets\LTDv2\frames\frames\20210413\clip_16_0706\image_0083.jpg,5,6.912813,-63.561028
20210413,C:\junha\Datasets\LTDv2\frames\frames\20210413\clip_16_0706\image_0084.jpg,5,6.681293,-63.23373
20210413,C:\junha\Datasets\LTDv2\frames\frames\20210413\clip_16_0706\image_0085.jpg,8,10.930736,-59.930004
20210413,C:\junha\Datasets\LTDv2\frames\frames\20210413\clip_16_0706\image_0086.jpg,8,10.987654,-60.104736
20210413,C:\junha\Datasets\LTDv2\frames\frames\20210413\clip_16_0706\image_0087.jpg,5,10.690048,-59.701683
20210413,C:\junha\Datasets\LTDv2\frames\frames\20210413\clip_16_0706\image_0088.jpg,5,10.672615,-59.544743
20210413,C:\junha\Datasets\LTDv2\frames\frames\20210413\clip_16_0706\image_0089.jpg,5,-2.0887249,-65.49983
20210413,C:\junha\Datasets\LTDv2\frames\frames\20210413\clip_16_0706\image_0090.jpg,1,-2.1525266,-65.5751
20210413,C:\junha\Datasets\LTDv2\frames\frames\20210413\clip_16_0706\image_0091.jpg,5,7.6895933,-64.378334
20210413,C:\junha\Datasets\LTDv2\frames\frames\20210413\clip_16_0706\image_0092.jpg,5,-1.3798409,-66.933105
20210413,C:\junha\Datasets\LTDv2\frames\frames\20210413\clip_16_0706\image_0093.jpg,5,-1.351929,-66.9904
20210413,C:\junha\Datasets\LTDv2\frames\frames\20210413\clip_16_0706\image_0094.jpg,5,-1.3642439,-67.094475
20210413,C:\junha\Datasets\LTDv2\frames\frames\20210413\clip_16_0706\image_0095.jpg,5,8.226759,-61.371742
20210413,C:\junha\Datasets\LTDv2\frames\frames\20210413\clip_16_0706\image_0096.jpg,5,10.768564,-59.27056
20210413,C:\junha\Datasets\LTDv2\frames\frames\20210413\clip_16_0706\image_0097.jpg,5,6.217234,-63.747746
20210413,C:\junha\Datasets\LTDv2\frames\frames\20210413\clip_16_0706\image_0098.jpg,5,5.957561,-63.939587
20210413,C:\junha\Datasets\LTDv2\frames\frames\20210413\clip_16_0706\image_0099.jpg,5,1.9355673,-65.56647
20210413,C:\junha\Datasets\LTDv2\frames\frames\20210413\clip_16_0706\image_0100.jpg,5,2.20103,-65.597176
20210413,C:\junha\Datasets\LTDv2\frames\frames\20210413\clip_16_0706\image_0101.jpg,5,4.000041,-64.24782
20210413,C:\junha\Datasets\LTDv2\frames\frames\20210413\clip_16_0706\image_0102.jpg,5,6.849568,-61.785027
20210413,C:\junha\Datasets\LTDv2\frames\frames\20210413\clip_16_0706\image_0103.jpg,5,7.5877852,-60.96153
20210413,C:\junha\Datasets\LTDv2\frames\frames\20210413\clip_16_0706\image_0104.jpg,5,7.533188,-60.65409
20210413,C:\junha\Datasets\LTDv2\frames\frames\20210413\clip_16_0706\image_0105.jpg,5,7.48207,-60.398506
20210413,C:\junha\Datasets\LTDv2\frames\frames\20210413\clip_16_0706\image_0106.jpg,5,6.401869,-60.225204
20210413,C:\junha\Datasets\LTDv2\frames\frames\20210413\clip_16_0706\image_0107.jpg,8,39.88122,-55.650013
20210413,C:\junha\Datasets\LTDv2\frames\frames\20210413\clip_16_0706\image_0108.jpg,8,39.878292,-55.65269
20210413,C:\junha\Datasets\LTDv2\frames\frames\20210413\clip_16_0706\image_0109.jpg,5,7.874392,-59.19718
20210413,C:\junha\Datasets\LTDv2\frames\frames\20210413\clip_16_0706\image_0110.jpg,5,7.288911,-58.696625
20210413,C:\junha\Datasets\LTDv2\frames\frames\20210413\clip_16_0706\image_0111.jpg,5,6.739119,-61.133705
20210413,C:\junha\Datasets\LTDv2\frames\frames\20210413\clip_16_0706\image_0112.jpg,5,5.399311,-63.573437
20210413,C:\junha\Datasets\LTDv2\frames\frames\20210413\clip_16_0706\image_0113.jpg,5,5.0576315,-64.24557
20210413,C:\junha\Datasets\LTDv2\frames\frames\20210413\clip_16_0706\image_0114.jpg,5,4.364761,-64.9756
20210413,C:\junha\Datasets\LTDv2\frames\frames\20210413\clip_16_0706\image_0115.jpg,5,4.427634,-64.87786
20210413,C:\junha\Datasets\LTDv2\frames\frames\20210413\clip_16_0706\image_0116.jpg,5,4.393317,-64.79029
20210413,C:\junha\Datasets\LTDv2\frames\frames\20210413\clip_16_0706\image_0117.jpg,5,4.32727,-64.62041
20210413,C:\junha\Datasets\LTDv2\frames\frames\20210413\clip_16_0706\image_0118.jpg,5,7.384778,-61.53858
20210413,C:\junha\Datasets\LTDv2\frames\frames\20210413\clip_16_0706\image_0119.jpg,5,-0.7513687,-64.666306
20210413,C:\junha\Datasets\LTDv2\frames\frames\20210413\clip_17_0734\image_0000.jpg,5,13.033538,-17.697815
20210413,C:\junha\Datasets\LTDv2\frames\frames\20210413\clip_17_0734\image_0001.jpg,5,12.982936,-17.087618
20210413,C:\junha\Datasets\LTDv2\frames\frames\20210413\clip_17_0734\image_0002.jpg,5,13.129735,-18.732836
20210413,C:\junha\Datasets\LTDv2\frames\frames\20210413\clip_17_0734\image_0003.jpg,5,13.2705765,-16.988495
20210413,C:\junha\Datasets\LTDv2\frames\frames\20210413\clip_17_0734\image_0004.jpg,5,11.654921,-14.759048
20210413,C:\junha\Datasets\LTDv2\frames\frames\20210413\clip_17_0734\image_0005.jpg,8,11.633194,-14.6739235
20210413,C:\junha\Datasets\LTDv2\frames\frames\20210413\clip_17_0734\image_0006.jpg,8,11.845184,-14.841193
20210413,C:\junha\Datasets\LTDv2\frames\frames\20210413\clip_17_0734\image_0007.jpg,5,11.854949,-14.870439
20210413,C:\junha\Datasets\LTDv2\frames\frames\20210413\clip_17_0734\image_0008.jpg,5,12.534606,-16.362274
20210413,C:\junha\Datasets\LTDv2\frames\frames\20210413\clip_17_0734\image_0009.jpg,6,16.975895,-16.877789
20210413,C:\junha\Datasets\LTDv2\frames\frames\20210413\clip_17_0734\image_0010.jpg,6,16.34755,-17.227495
20210413,C:\junha\Datasets\LTDv2\frames\frames\20210413\clip_17_0734\image_0011.jpg,6,16.410702,-17.16706
20210413,C:\junha\Datasets\LTDv2\frames\frames\20210413\clip_17_0734\image_0012.jpg,5,13.091133,-18.198746
20210413,C:\junha\Datasets\LTDv2\frames\frames\20210413\clip_17_0734\image_0013.jpg,5,12.901017,-17.31918
20210413,C:\junha\Datasets\LTDv2\frames\frames\20210413\clip_17_0734\image_0014.jpg,5,12.508487,-17.448133
20210413,C:\junha\Datasets\LTDv2\frames\frames\20210413\clip_17_0734\image_0015.jpg,5,12.600207,-17.384811
20210413,C:\junha\Datasets\LTDv2\frames\frames\20210413\clip_17_0734\image_0016.jpg,5,12.558828,-17.841711
20210413,C:\junha\Datasets\LTDv2\frames\frames\20210413\clip_17_0734\image_0017.jpg,5,12.481401,-17.31922
20210413,C:\junha\Datasets\LTDv2\frames\frames\20210413\clip_17_0734\image_0018.jpg,5,12.493418,-17.358135
20210413,C:\junha\Datasets\LTDv2\frames\frames\20210413\clip_17_0734\image_0019.jpg,6,13.4013,-21.427256
20210413,C:\junha\Datasets\LTDv2\frames\frames\20210413\clip_17_0734\image_0020.jpg,6,13.993708,-20.140663
20210413,C:\junha\Datasets\LTDv2\frames\frames\20210413\clip_17_0734\image_0021.jpg,6,13.912006,-20.164963
20210413,C:\junha\Datasets\LTDv2\frames\frames\20210413\clip_17_0734\image_0022.jpg,6,13.942978,-20.536795
20210413,C:\junha\Datasets\LTDv2\frames\frames\20210413\clip_17_0734\image_0023.jpg,6,14.000647,-21.041927
20210413,C:\junha\Datasets\LTDv2\frames\frames\20210413\clip_17_0734\image_0024.jpg,6,14.287717,-20.981527
20210413,C:\junha\Datasets\LTDv2\frames\frames\20210413\clip_17_0734\image_0025.jpg,6,14.391293,-21.429247
20210413,C:\junha\Datasets\LTDv2\frames\frames\20210413\clip_17_0734\image_0026.jpg,6,14.163028,-20.38358
20210413,C:\junha\Datasets\LTDv2\frames\frames\20210413\clip_17_0734\image_0027.jpg,6,14.068002,-20.84479
20210413,C:\junha\Datasets\LTDv2\frames\frames\20210413\clip_17_0734\image_0028.jpg,6,13.857952,-19.555204
20210413,C:\junha\Datasets\LTDv2\frames\frames\20210413\clip_17_0734\image_0029.jpg,6,13.882148,-19.39519
20210413,C:\junha\Datasets\LTDv2\frames\frames\20210413\clip_17_0734\image_0030.jpg,6,14.476263,-19.968311
20210413,C:\junha\Datasets\LTDv2\frames\frames\20210413\clip_17_0734\image_0031.jpg,6,14.643975,-18.887955
20210413,C:\junha\Datasets\LTDv2\frames\frames\20210413\clip_17_0734\image_0032.jpg,6,14.725434,-18.63117
20210413,C:\junha\Datasets\LTDv2\frames\frames\20210413\clip_17_0734\image_0033.jpg,6,14.678683,-18.732983
20210413,C:\junha\Datasets\LTDv2\frames\frames\20210413\clip_17_0734\image_0034.jpg,6,15.233171,-16.606184
20210413,C:\junha\Datasets\LTDv2\frames\frames\20210413\clip_17_0734\image_0035.jpg,6,18.927282,-22.830044
20210413,C:\junha\Datasets\LTDv2\frames\frames\20210413\clip_17_0734\image_0036.jpg,6,15.124397,-16.496805
20210413,C:\junha\Datasets\LTDv2\frames\frames\20210413\clip_17_0734\image_0037.jpg,5,15.105584,-16.464912
20210413,C:\junha\Datasets\LTDv2\frames\frames\20210413\clip_17_0734\image_0038.jpg,6,15.085119,-16.528881
20210413,C:\junha\Datasets\LTDv2\frames\frames\20210413\clip_17_0734\image_0039.jpg,6,14.221228,-17.437435
20210413,C:\junha\Datasets\LTDv2\frames\frames\20210413\clip_17_0734\image_0040.jpg,5,14.170035,-16.885584
20210413,C:\junha\Datasets\LTDv2\frames\frames\20210413\clip_17_0734\image_0041.jpg,8,15.088881,-15.113474
20210413,C:\junha\Datasets\LTDv2\frames\frames\20210413\clip_17_0734\image_0042.jpg,5,14.372853,-15.327998
20210413,C:\junha\Datasets\LTDv2\frames\frames\20210413\clip_17_0734\image_0043.jpg,5,13.50856,-14.864435
20210413,C:\junha\Datasets\LTDv2\frames\frames\20210413\clip_17_0734\image_0044.jpg,5,13.642943,-15.395431
20210413,C:\junha\Datasets\LTDv2\frames\frames\20210413\clip_17_0734\image_0045.jpg,5,13.452992,-14.974777
20210413,C:\junha\Datasets\LTDv2\frames\frames\20210413\clip_17_0734\image_0046.jpg,5,13.507353,-15.800248
20210413,C:\junha\Datasets\LTDv2\frames\frames\20210413\clip_17_0734\image_0047.jpg,5,13.506108,-15.254299
20210413,C:\junha\Datasets\LTDv2\frames\frames\20210413\clip_17_0734\image_0048.jpg,5,13.439844,-15.480885
20210413,C:\junha\Datasets\LTDv2\frames\frames\20210413\clip_17_0734\image_0049.jpg,6,15.768109,-18.16387
20210413,C:\junha\Datasets\LTDv2\frames\frames\20210413\clip_17_0734\image_0050.jpg,6,15.186882,-19.27444
20210413,C:\junha\Datasets\LTDv2\frames\frames\20210413\clip_17_0734\image_0051.jpg,6,15.546782,-19.71408
20210413,C:\junha\Datasets\LTDv2\frames\frames\20210413\clip_17_0734\image_0052.jpg,6,15.991906,-20.160057
20210413,C:\junha\Datasets\LTDv2\frames\frames\20210413\clip_17_0734\image_0053.jpg,6,15.949879,-20.216206
20210413,C:\junha\Datasets\LTDv2\frames\frames\20210413\clip_17_0734\image_0054.jpg,6,17.551786,-15.692052
20210413,C:\junha\Datasets\LTDv2\frames\frames\20210413\clip_17_0734\image_0055.jpg,6,17.347363,-15.377604
20210413,C:\junha\Datasets\LTDv2\frames\frames\20210413\clip_17_0734\image_0056.jpg,6,17.072224,-15.647822
20210413,C:\junha\Datasets\LTDv2\frames\frames\20210413\clip_17_0734\image_0057.jpg,6,17.05523,-15.684175
20210413,C:\junha\Datasets\LTDv2\frames\frames\20210413\clip_17_0734\image_0058.jpg,6,15.988023,-20.431046
20210413,C:\junha\Datasets\LTDv2\frames\frames\20210413\clip_17_0734\image_0059.jpg,6,16.34276,-20.647953
20210413,C:\junha\Datasets\LTDv2\frames\frames\20210413\clip_17_0734\image_0060.jpg,6,17.178652,-18.193031
20210413,C:\junha\Datasets\LTDv2\frames\frames\20210413\clip_17_0734\image_0061.jpg,6,17.092556,-18.709402
20210413,C:\junha\Datasets\LTDv2\frames\frames\20210413\clip_17_0734\image_0062.jpg,6,16.249134,-18.837086
20210413,C:\junha\Datasets\LTDv2\frames\frames\20210413\clip_17_0734\image_0063.jpg,6,16.473028,-18.5015
20210413,C:\junha\Datasets\LTDv2\frames\frames\20210413\clip_17_0734\image_0064.jpg,6,18.061794,-18.890547
20210413,C:\junha\Datasets\LTDv2\frames\frames\20210413\clip_17_0734\image_0065.jpg,6,15.713238,-22.187107
20210413,C:\junha\Datasets\LTDv2\frames\frames\20210413\clip_17_0734\image_0066.jpg,6,18.780397,-18.929209
20210413,C:\junha\Datasets\LTDv2\frames\frames\20210413\clip_17_0734\image_0067.jpg,6,19.099306,-18.850172
20210413,C:\junha\Datasets\LTDv2\frames\frames\20210413\clip_17_0734\image_0068.jpg,6,19.063763,-18.809195
20210413,C:\junha\Datasets\LTDv2\frames\frames\20210413\clip_17_0734\image_0069.jpg,6,17.04017,-20.639008
20210413,C:\junha\Datasets\LTDv2\frames\frames\20210413\clip_17_0734\image_0070.jpg,6,16.624777,-21.307863
20210413,C:\junha\Datasets\LTDv2\frames\frames\20210413\clip_17_0734\image_0071.jpg,6,17.135519,-19.177446
20210413,C:\junha\Datasets\LTDv2\frames\frames\20210413\clip_17_0734\image_0072.jpg,6,15.409324,-22.262836
20210413,C:\junha\Datasets\LTDv2\frames\frames\20210413\clip_17_0734\image_0073.jpg,6,15.103617,-22.226973
20210413,C:\junha\Datasets\LTDv2\frames\frames\20210413\clip_17_0734\image_0074.jpg,6,15.582216,-21.185204
20210413,C:\junha\Datasets\LTDv2\frames\frames\20210413\clip_17_0734\image_0075.jpg,6,15.827784,-21.40365
20210413,C:\junha\Datasets\LTDv2\frames\frames\20210413\clip_17_0734\image_0076.jpg,6,18.008778,-18.114155
20210413,C:\junha\Datasets\LTDv2\frames\frames\20210413\clip_17_0734\image_0077.jpg,6,18.1423,-17.859957
20210413,C:\junha\Datasets\LTDv2\frames\frames\20210413\clip_17_0734\image_0078.jpg,6,18.34052,-17.677845
20210413,C:\junha\Datasets\LTDv2\frames\frames\20210413\clip_17_0734\image_0079.jpg,6,18.31907,-16.81777
20210413,C:\junha\Datasets\LTDv2\frames\frames\20210413\clip_17_0734\image_0080.jpg,6,18.060436,-17.047178
20210413,C:\junha\Datasets\LTDv2\frames\frames\20210413\clip_17_0734\image_0081.jpg,6,17.458084,-17.24173
20210413,C:\junha\Datasets\LTDv2\frames\frames\20210413\clip_17_0734\image_0082.jpg,6,18.110262,-17.739223
20210413,C:\junha\Datasets\LTDv2\frames\frames\20210413\clip_17_0734\image_0083.jpg,8,18.24795,-16.440825
20210413,C:\junha\Datasets\LTDv2\frames\frames\20210413\clip_17_0734\image_0084.jpg,6,17.663681,-20.6736
20210413,C:\junha\Datasets\LTDv2\frames\frames\20210413\clip_17_0734\image_0085.jpg,6,18.118553,-20.566568
20210413,C:\junha\Datasets\LTDv2\frames\frames\20210413\clip_17_0734\image_0086.jpg,6,17.77089,-17.798548
20210413,C:\junha\Datasets\LTDv2\frames\frames\20210413\clip_17_0734\image_0087.jpg,6,17.262695,-17.736622
20210413,C:\junha\Datasets\LTDv2\frames\frames\20210413\clip_17_0734\image_0088.jpg,6,18.241661,-23.302313
20210413,C:\junha\Datasets\LTDv2\frames\frames\20210413\clip_17_0734\image_0089.jpg,6,18.111258,-23.456593
20210413,C:\junha\Datasets\LTDv2\frames\frames\20210413\clip_17_0734\image_0090.jpg,6,18.434334,-23.165667
20210413,C:\junha\Datasets\LTDv2\frames\frames\20210413\clip_17_0734\image_0091.jpg,6,18.438028,-22.745222
20210413,C:\junha\Datasets\LTDv2\frames\frames\20210413\clip_17_0734\image_0092.jpg,6,18.120626,-22.017422
20210413,C:\junha\Datasets\LTDv2\frames\frames\20210413\clip_17_0734\image_0093.jpg,6,18.326778,-21.510044
20210413,C:\junha\Datasets\LTDv2\frames\frames\20210413\clip_17_0734\image_0094.jpg,6,18.082958,-21.972027
20210413,C:\junha\Datasets\LTDv2\frames\frames\20210413\clip_17_0734\image_0095.jpg,6,17.28828,-23.142157
20210413,C:\junha\Datasets\LTDv2\frames\frames\20210413\clip_17_0734\image_0096.jpg,6,16.607153,-22.721752
20210413,C:\junha\Datasets\LTDv2\frames\frames\20210413\clip_17_0734\image_0097.jpg,6,16.68585,-22.947582
20210413,C:\junha\Datasets\LTDv2\frames\frames\20210413\clip_17_0734\image_0098.jpg,6,17.045118,-22.525547
20210413,C:\junha\Datasets\LTDv2\frames\frames\20210413\clip_17_0734\image_0099.jpg,6,16.395267,-22.005135
20210413,C:\junha\Datasets\LTDv2\frames\frames\20210413\clip_17_0734\image_0100.jpg,6,16.04806,-22.319527
20210413,C:\junha\Datasets\LTDv2\frames\frames\20210413\clip_17_0734\image_0101.jpg,6,16.920752,-23.912003
20210413,C:\junha\Datasets\LTDv2\frames\frames\20210413\clip_17_0734\image_0102.jpg,6,16.719152,-24.075266
20210413,C:\junha\Datasets\LTDv2\frames\frames\20210413\clip_17_0734\image_0103.jpg,6,16.611727,-24.213547
20210413,C:\junha\Datasets\LTDv2\frames\frames\20210413\clip_17_0734\image_0104.jpg,6,16.625158,-24.256687
20210413,C:\junha\Datasets\LTDv2\frames\frames\20210413\clip_17_0734\image_0105.jpg,6,16.546167,-24.050005
20210413,C:\junha\Datasets\LTDv2\frames\frames\20210413\clip_17_0734\image_0106.jpg,6,19.985294,-17.443665
20210413,C:\junha\Datasets\LTDv2\frames\frames\20210413\clip_17_0734\image_0107.jpg,6,19.859995,-16.792011
20210413,C:\junha\Datasets\LTDv2\frames\frames\20210413\clip_17_0734\image_0108.jpg,6,20.001928,-17.222303
20210413,C:\junha\Datasets\LTDv2\frames\frames\20210413\clip_17_0734\image_0109.jpg,8,20.539774,-15.264301
20210413,C:\junha\Datasets\LTDv2\frames\frames\20210413\clip_17_0734\image_0110.jpg,6,20.38558,-15.602097
20210413,C:\junha\Datasets\LTDv2\frames\frames\20210413\clip_17_0734\image_0111.jpg,8,20.393606,-15.579318
20210413,C:\junha\Datasets\LTDv2\frames\frames\20210413\clip_17_0734\image_0112.jpg,8,20.615528,-15.189545
20210413,C:\junha\Datasets\LTDv2\frames\frames\20210413\clip_17_0734\image_0113.jpg,8,20.416851,-15.439795
20210413,C:\junha\Datasets\LTDv2\frames\frames\20210413\clip_17_0734\image_0114.jpg,6,20.054398,-15.929354
20210413,C:\junha\Datasets\LTDv2\frames\frames\20210413\clip_17_0734\image_0115.jpg,6,20.05665,-15.944202
20210413,C:\junha\Datasets\LTDv2\frames\frames\20210413\clip_17_0734\image_0116.jpg,8,21.011608,-14.044078
20210413,C:\junha\Datasets\LTDv2\frames\frames\20210413\clip_17_0734\image_0117.jpg,8,20.94348,-13.758359
20210413,C:\junha\Datasets\LTDv2\frames\frames\20210413\clip_17_0734\image_0118.jpg,8,20.993872,-13.995581
20210413,C:\junha\Datasets\LTDv2\frames\frames\20210413\clip_17_0734\image_0119.jpg,8,20.9304,-13.65201
20210413,C:\junha\Datasets\LTDv2\frames\frames\20210413\clip_18_0802\image_0000.jpg,8,35.14222,-3.338674
20210413,C:\junha\Datasets\LTDv2\frames\frames\20210413\clip_18_0802\image_0001.jpg,8,35.402107,-3.2396655
20210413,C:\junha\Datasets\LTDv2\frames\frames\20210413\clip_18_0802\image_0002.jpg,8,35.344578,-3.2916698
20210413,C:\junha\Datasets\LTDv2\frames\frames\20210413\clip_18_0802\image_0003.jpg,8,35.42498,-3.2333276
20210413,C:\junha\Datasets\LTDv2\frames\frames\20210413\clip_18_0802\image_0004.jpg,8,35.282356,-3.3342402
20210413,C:\junha\Datasets\LTDv2\frames\frames\20210413\clip_18_0802\image_0005.jpg,8,34.57196,-3.690164
20210413,C:\junha\Datasets\LTDv2\frames\frames\20210413\clip_18_0802\image_0006.jpg,8,33.99962,-4.170267
20210413,C:\junha\Datasets\LTDv2\frames\frames\20210413\clip_18_0802\image_0007.jpg,8,34.181435,-4.31983
20210413,C:\junha\Datasets\LTDv2\frames\frames\20210413\clip_18_0802\image_0008.jpg,8,33.90177,-4.515565
20210413,C:\junha\Datasets\LTDv2\frames\frames\20210413\clip_18_0802\image_0009.jpg,8,34.515415,-4.618588
20210413,C:\junha\Datasets\LTDv2\frames\frames\20210413\clip_18_0802\image_0010.jpg,8,34.3894,-4.6145
20210413,C:\junha\Datasets\LTDv2\frames\frames\20210413\clip_18_0802\image_0011.jpg,8,29.163662,-5.581147
20210413,C:\junha\Datasets\LTDv2\frames\frames\20210413\clip_18_0802\image_0012.jpg,8,32.66512,-3.813707
20210413,C:\junha\Datasets\LTDv2\frames\frames\20210413\clip_18_0802\image_0013.jpg,8,29.193707,-5.4314575
20210413,C:\junha\Datasets\LTDv2\frames\frames\20210413\clip_18_0802\image_0014.jpg,8,33.218563,-4.3295345
20210413,C:\junha\Datasets\LTDv2\frames\frames\20210413\clip_18_0802\image_0015.jpg,8,32.772648,-4.22265
20210413,C:\junha\Datasets\LTDv2\frames\frames\20210413\clip_18_0802\image_0016.jpg,8,32.948742,-4.2031
20210413,C:\junha\Datasets\LTDv2\frames\frames\20210413\clip_18_0802\image_0017.jpg,8,32.757015,-3.9448633
20210413,C:\junha\Datasets\LTDv2\frames\frames\20210413\clip_18_0802\image_0018.jpg,8,31.83482,-3.9080768
20210413,C:\junha\Datasets\LTDv2\frames\frames\20210413\clip_18_0802\image_0019.jpg,8,32.670315,-2.263396
20210413,C:\junha\Datasets\LTDv2\frames\frames\20210413\clip_18_0802\image_0020.jpg,8,28.239689,-4.3934097
20210413,C:\junha\Datasets\LTDv2\frames\frames\20210413\clip_18_0802\image_0021.jpg,8,28.234116,-4.6366606
20210413,C:\junha\Datasets\LTDv2\frames\frames\20210413\clip_18_0802\image_0022.jpg,8,28.525541,-4.6057363
20210413,C:\junha\Datasets\LTDv2\frames\frames\20210413\clip_18_0802\image_0023.jpg,8,32.032658,-4.1234202
20210413,C:\junha\Datasets\LTDv2\frames\frames\20210413\clip_18_0802\image_0024.jpg,8,32.15162,-3.7484434
20210413,C:\junha\Datasets\LTDv2\frames\frames\20210413\clip_18_0802\image_0025.jpg,8,31.178255,-3.9418712
20210413,C:\junha\Datasets\LTDv2\frames\frames\20210413\clip_18_0802\image_0026.jpg,8,27.348797,-3.155953
20210413,C:\junha\Datasets\LTDv2\frames\frames\20210413\clip_18_0802\image_0027.jpg,8,26.97552,-3.4461482
20210413,C:\junha\Datasets\LTDv2\frames\frames\20210413\clip_18_0802\image_0028.jpg,8,31.328457,-0.92711693
20210413,C:\junha\Datasets\LTDv2\frames\frames\20210413\clip_18_0802\image_0029.jpg,8,29.033354,-0.41952246
20210413,C:\junha\Datasets\LTDv2\frames\frames\20210413\clip_18_0802\image_0030.jpg,8,28.953846,-0.518068
20210413,C:\junha\Datasets\LTDv2\frames\frames\20210413\clip_18_0802\image_0031.jpg,8,29.582554,0.13613111
20210413,C:\junha\Datasets\LTDv2\frames\frames\20210413\clip_18_0802\image_0032.jpg,8,29.621758,0.22023273
20210413,C:\junha\Datasets\LTDv2\frames\frames\20210413\clip_18_0802\image_0033.jpg,8,27.854885,-1.5192604
20210413,C:\junha\Datasets\LTDv2\frames\frames\20210413\clip_18_0802\image_0034.jpg,8,27.600086,-1.9090961
20210413,C:\junha\Datasets\LTDv2\frames\frames\20210413\clip_18_0802\image_0035.jpg,8,27.722298,-2.684605
20210413,C:\junha\Datasets\LTDv2\frames\frames\20210413\clip_18_0802\image_0036.jpg,8,27.585205,-2.7927434
20210413,C:\junha\Datasets\LTDv2\frames\frames\20210413\clip_18_0802\image_0037.jpg,8,28.052002,-3.1659317
20210413,C:\junha\Datasets\LTDv2\frames\frames\20210413\clip_18_0802\image_0038.jpg,8,27.896069,-3.0409489
20210413,C:\junha\Datasets\LTDv2\frames\frames\20210413\clip_18_0802\image_0039.jpg,8,25.593529,-5.1250634
20210413,C:\junha\Datasets\LTDv2\frames\frames\20210413\clip_18_0802\image_0040.jpg,8,25.360134,-5.090332
20210413,C:\junha\Datasets\LTDv2\frames\frames\20210413\clip_18_0802\image_0041.jpg,8,27.804865,-3.8289778
20210413,C:\junha\Datasets\LTDv2\frames\frames\20210413\clip_18_0802\image_0042.jpg,8,26.289873,-4.9483876
20210413,C:\junha\Datasets\LTDv2\frames\frames\20210413\clip_18_0802\image_0043.jpg,8,32.95654,-0.610785
20210413,C:\junha\Datasets\LTDv2\frames\frames\20210413\clip_18_0802\image_0044.jpg,8,33.091526,-0.7652188
20210413,C:\junha\Datasets\LTDv2\frames\frames\20210413\clip_18_0802\image_0045.jpg,8,28.270348,-3.6065924
20210413,C:\junha\Datasets\LTDv2\frames\frames\20210413\clip_18_0802\image_0046.jpg,8,28.12523,-3.5029309
20210413,C:\junha\Datasets\LTDv2\frames\frames\20210413\clip_18_0802\image_0047.jpg,8,32.199905,-1.0230786
20210413,C:\junha\Datasets\LTDv2\frames\frames\20210413\clip_18_0802\image_0048.jpg,8,28.73891,-2.982764
20210413,C:\junha\Datasets\LTDv2\frames\frames\20210413\clip_18_0802\image_0049.jpg,8,32.954956,-2.9704697
20210413,C:\junha\Datasets\LTDv2\frames\frames\20210413\clip_18_0802\image_0050.jpg,8,32.54619,-2.30354
20210413,C:\junha\Datasets\LTDv2\frames\frames\20210413\clip_18_0802\image_0051.jpg,8,25.11009,-5.334676
20210413,C:\junha\Datasets\LTDv2\frames\frames\20210413\clip_18_0802\image_0052.jpg,8,26.352478,-4.2062807
20210413,C:\junha\Datasets\LTDv2\frames\frames\20210413\clip_18_0802\image_0053.jpg,8,30.411339,-3.382517
20210413,C:\junha\Datasets\LTDv2\frames\frames\20210413\clip_18_0802\image_0054.jpg,8,26.554686,-2.921856
20210413,C:\junha\Datasets\LTDv2\frames\frames\20210413\clip_18_0802\image_0055.jpg,8,26.336504,-2.8460562
20210413,C:\junha\Datasets\LTDv2\frames\frames\20210413\clip_18_0802\image_0056.jpg,8,25.2842,-4.0650854
20210413,C:\junha\Datasets\LTDv2\frames\frames\20210413\clip_18_0802\image_0057.jpg,8,31.387169,-2.594299
20210413,C:\junha\Datasets\LTDv2\frames\frames\20210413\clip_18_0802\image_0058.jpg,8,32.109936,-2.07843
20210413,C:\junha\Datasets\LTDv2\frames\frames\20210413\clip_18_0802\image_0059.jpg,8,33.676884,2.316303
20210413,C:\junha\Datasets\LTDv2\frames\frames\20210413\clip_18_0802\image_0060.jpg,8,33.636204,2.3936546
20210413,C:\junha\Datasets\LTDv2\frames\frames\20210413\clip_18_0802\image_0061.jpg,8,32.65014,2.354797
20210413,C:\junha\Datasets\LTDv2\frames\frames\20210413\clip_18_0802\image_0062.jpg,8,25.88047,-1.9460982
20210413,C:\junha\Datasets\LTDv2\frames\frames\20210413\clip_18_0802\image_0063.jpg,8,25.809834,-3.7672775
20210413,C:\junha\Datasets\LTDv2\frames\frames\20210413\clip_18_0802\image_0064.jpg,8,25.829325,-3.628285
20210413,C:\junha\Datasets\LTDv2\frames\frames\20210413\clip_18_0802\image_0065.jpg,8,25.583593,-2.7216895
20210413,C:\junha\Datasets\LTDv2\frames\frames\20210413\clip_18_0802\image_0066.jpg,8,25.38352,-2.9425611
20210413,C:\junha\Datasets\LTDv2\frames\frames\20210413\clip_18_0802\image_0067.jpg,8,25.42791,-3.6194544
20210413,C:\junha\Datasets\LTDv2\frames\frames\20210413\clip_18_0802\image_0068.jpg,8,25.514349,-3.4924161
20210413,C:\junha\Datasets\LTDv2\frames\frames\20210413\clip_18_0802\image_0069.jpg,6,23.696985,-4.5522056
20210413,C:\junha\Datasets\LTDv2\frames\frames\20210413\clip_18_0802\image_0070.jpg,6,23.822636,-4.3784842
20210413,C:\junha\Datasets\LTDv2\frames\frames\20210413\clip_18_0802\image_0071.jpg,8,24.488455,-3.800052
20210413,C:\junha\Datasets\LTDv2\frames\frames\20210413\clip_18_0802\image_0072.jpg,8,24.903616,-3.11652
20210413,C:\junha\Datasets\LTDv2\frames\frames\20210413\clip_18_0802\image_0073.jpg,8,24.161888,-3.6908045
20210413,C:\junha\Datasets\LTDv2\frames\frames\20210413\clip_18_0802\image_0074.jpg,8,24.603197,-2.4007175
20210413,C:\junha\Datasets\LTDv2\frames\frames\20210413\clip_18_0802\image_0075.jpg,8,25.009968,-3.10549
20210413,C:\junha\Datasets\LTDv2\frames\frames\20210413\clip_18_0802\image_0076.jpg,8,24.880224,-2.5904083
20210413,C:\junha\Datasets\LTDv2\frames\frames\20210413\clip_18_0802\image_0077.jpg,8,24.770163,-1.8784357
20210413,C:\junha\Datasets\LTDv2\frames\frames\20210413\clip_18_0802\image_0078.jpg,8,24.732851,-1.9807838
20210413,C:\junha\Datasets\LTDv2\frames\frames\20210413\clip_18_0802\image_0079.jpg,8,24.580616,-5.6995277
20210413,C:\junha\Datasets\LTDv2\frames\frames\20210413\clip_18_0802\image_0080.jpg,6,24.610826,-5.515382
20210413,C:\junha\Datasets\LTDv2\frames\frames\20210413\clip_18_0802\image_0081.jpg,8,29.468754,-2.322461
20210413,C:\junha\Datasets\LTDv2\frames\frames\20210413\clip_18_0802\image_0082.jpg,8,29.418522,-2.2828362
20210413,C:\junha\Datasets\LTDv2\frames\frames\20210413\clip_18_0802\image_0083.jpg,8,27.219687,-4.0763392
20210413,C:\junha\Datasets\LTDv2\frames\frames\20210413\clip_18_0802\image_0084.jpg,8,29.383034,-1.041316
20210413,C:\junha\Datasets\LTDv2\frames\frames\20210413\clip_18_0802\image_0085.jpg,8,34.219162,0.3173198
20210413,C:\junha\Datasets\LTDv2\frames\frames\20210413\clip_18_0802\image_0086.jpg,8,32.942295,-1.3085856
20210413,C:\junha\Datasets\LTDv2\frames\frames\20210413\clip_18_0802\image_0087.jpg,8,32.958275,-1.1194948
20210413,C:\junha\Datasets\LTDv2\frames\frames\20210413\clip_18_0802\image_0088.jpg,8,33.79776,-0.5398878
20210413,C:\junha\Datasets\LTDv2\frames\frames\20210413\clip_18_0802\image_0089.jpg,8,34.447945,0.40760946
20210413,C:\junha\Datasets\LTDv2\frames\frames\20210413\clip_18_0802\image_0090.jpg,8,34.44392,0.3662925
20210413,C:\junha\Datasets\LTDv2\frames\frames\20210413\clip_18_0802\image_0091.jpg,8,34.73889,0.7086204
20210413,C:\junha\Datasets\LTDv2\frames\frames\20210413\clip_18_0802\image_0092.jpg,8,34.442474,0.30877483
20210413,C:\junha\Datasets\LTDv2\frames\frames\20210413\clip_18_0802\image_0093.jpg,8,34.1978,0.2576159
20210413,C:\junha\Datasets\LTDv2\frames\frames\20210413\clip_18_0802\image_0094.jpg,8,34.260838,0.4269062
20210413,C:\junha\Datasets\LTDv2\frames\frames\20210413\clip_18_0802\image_0095.jpg,8,34.11576,1.6630393
20210413,C:\junha\Datasets\LTDv2\frames\frames\20210413\clip_18_0802\image_0096.jpg,8,33.947815,0.8692862
20210413,C:\junha\Datasets\LTDv2\frames\frames\20210413\clip_18_0802\image_0097.jpg,8,33.76249,2.1872308
20210413,C:\junha\Datasets\LTDv2\frames\frames\20210413\clip_18_0802\image_0098.jpg,8,33.79228,2.3525877
20210413,C:\junha\Datasets\LTDv2\frames\frames\20210413\clip_18_0802\image_0099.jpg,8,30.781418,-0.7782908
20210413,C:\junha\Datasets\LTDv2\frames\frames\20210413\clip_18_0802\image_0100.jpg,8,30.798653,-0.21639483
20210413,C:\junha\Datasets\LTDv2\frames\frames\20210413\clip_18_0802\image_0101.jpg,8,32.092705,-1.5486146
20210413,C:\junha\Datasets\LTDv2\frames\frames\20210413\clip_18_0802\image_0102.jpg,8,32.388992,-1.7928182
20210413,C:\junha\Datasets\LTDv2\frames\frames\20210413\clip_18_0802\image_0103.jpg,8,32.450283,-1.9562948
20210413,C:\junha\Datasets\LTDv2\frames\frames\20210413\clip_18_0802\image_0104.jpg,8,32.805157,-1.8814723
20210413,C:\junha\Datasets\LTDv2\frames\frames\20210413\clip_18_0802\image_0105.jpg,8,27.3978,-4.578499
20210413,C:\junha\Datasets\LTDv2\frames\frames\20210413\clip_18_0802\image_0106.jpg,8,30.419382,-2.8295505
20210413,C:\junha\Datasets\LTDv2\frames\frames\20210413\clip_18_0802\image_0107.jpg,8,34.251705,-1.0916299
20210413,C:\junha\Datasets\LTDv2\frames\frames\20210413\clip_18_0802\image_0108.jpg,8,32.52333,1.2059315
20210413,C:\junha\Datasets\LTDv2\frames\frames\20210413\clip_18_0802\image_0109.jpg,8,32.39493,1.1911486
20210413,C:\junha\Datasets\LTDv2\frames\frames\20210413\clip_18_0802\image_0110.jpg,8,32.439682,1.1913791
20210413,C:\junha\Datasets\LTDv2\frames\frames\20210413\clip_18_0802\image_0111.jpg,8,31.28708,-0.5629642
20210413,C:\junha\Datasets\LTDv2\frames\frames\20210413\clip_18_0802\image_0112.jpg,8,30.232037,-1.8655074
20210413,C:\junha\Datasets\LTDv2\frames\frames\20210413\clip_18_0802\image_0113.jpg,8,31.93327,0.15774976
20210413,C:\junha\Datasets\LTDv2\frames\frames\20210413\clip_18_0802\image_0114.jpg,8,31.959503,0.2599571
20210413,C:\junha\Datasets\LTDv2\frames\frames\20210413\clip_18_0802\image_0115.jpg,8,30.419252,-1.3683503
20210413,C:\junha\Datasets\LTDv2\frames\frames\20210413\clip_18_0802\image_0116.jpg,8,30.332384,-1.6687119
20210413,C:\junha\Datasets\LTDv2\frames\frames\20210413\clip_18_0802\image_0117.jpg,8,30.348074,-1.5686308
20210413,C:\junha\Datasets\LTDv2\frames\frames\20210413\clip_18_0802\image_0118.jpg,8,30.05199,-2.0076342
20210413,C:\junha\Datasets\LTDv2\frames\frames\20210413\clip_18_0802\image_0119.jpg,8,29.437544,-3.300931
20210413,C:\junha\Datasets\LTDv2\frames\frames\20210413\clip_19_0830\image_0000.jpg,6,9.736784,-3.6004171
20210413,C:\junha\Datasets\LTDv2\frames\frames\20210413\clip_19_0830\image_0001.jpg,6,6.3849835,-3.1809328
20210413,C:\junha\Datasets\LTDv2\frames\frames\20210413\clip_19_0830\image_0002.jpg,6,10.932198,-3.555683
20210413,C:\junha\Datasets\LTDv2\frames\frames\20210413\clip_19_0830\image_0003.jpg,6,11.120457,-3.595048
20210413,C:\junha\Datasets\LTDv2\frames\frames\20210413\clip_19_0830\image_0004.jpg,6,10.0884905,-3.8352683
20210413,C:\junha\Datasets\LTDv2\frames\frames\20210413\clip_19_0830\image_0005.jpg,6,9.78748,-3.9148376
20210413,C:\junha\Datasets\LTDv2\frames\frames\20210413\clip_19_0830\image_0006.jpg,6,8.651548,-3.8725164
20210413,C:\junha\Datasets\LTDv2\frames\frames\20210413\clip_19_0830\image_0007.jpg,6,8.830516,-3.9272282
20210413,C:\junha\Datasets\LTDv2\frames\frames\20210413\clip_19_0830\image_0008.jpg,6,8.236511,-3.8973255
20210413,C:\junha\Datasets\LTDv2\frames\frames\20210413\clip_19_0830\image_0009.jpg,6,7.1318235,-2.2667918
20210413,C:\junha\Datasets\LTDv2\frames\frames\20210413\clip_19_0830\image_0010.jpg,6,7.4862027,-1.9003911
20210413,C:\junha\Datasets\LTDv2\frames\frames\20210413\clip_19_0830\image_0011.jpg,6,7.7872477,-1.0763164
20210413,C:\junha\Datasets\LTDv2\frames\frames\20210413\clip_19_0830\image_0012.jpg,6,7.0933867,-2.2869072
20210413,C:\junha\Datasets\LTDv2\frames\frames\20210413\clip_19_0830\image_0013.jpg,6,7.9459763,-0.73041296
20210413,C:\junha\Datasets\LTDv2\frames\frames\20210413\clip_19_0830\image_0014.jpg,8,29.799332,4.2638726
20210413,C:\junha\Datasets\LTDv2\frames\frames\20210413\clip_19_0830\image_0015.jpg,8,29.743101,4.10485
20210413,C:\junha\Datasets\LTDv2\frames\frames\20210413\clip_19_0830\image_0016.jpg,8,17.338552,-2.0781074
20210413,C:\junha\Datasets\LTDv2\frames\frames\20210413\clip_19_0830\image_0017.jpg,6,16.789497,-2.1719742
20210413,C:\junha\Datasets\LTDv2\frames\frames\20210413\clip_19_0830\image_0018.jpg,6,13.726372,-2.1785064
20210413,C:\junha\Datasets\LTDv2\frames\frames\20210413\clip_19_0830\image_0019.jpg,6,12.532565,-3.3843544
20210413,C:\junha\Datasets\LTDv2\frames\frames\20210413\clip_19_0830\image_0020.jpg,6,13.747802,-2.7345378
20210413,C:\junha\Datasets\LTDv2\frames\frames\20210413\clip_19_0830\image_0021.jpg,6,12.756357,-2.4797368
20210413,C:\junha\Datasets\LTDv2\frames\frames\20210413\clip_19_0830\image_0022.jpg,6,12.100838,-2.6542976
20210413,C:\junha\Datasets\LTDv2\frames\frames\20210413\clip_19_0830\image_0023.jpg,6,11.747737,-2.573455
20210413,C:\junha\Datasets\LTDv2\frames\frames\20210413\clip_19_0830\image_0024.jpg,6,13.417164,-2.8755498
20210413,C:\junha\Datasets\LTDv2\frames\frames\20210413\clip_19_0830\image_0025.jpg,6,12.991479,-3.0001082
20210413,C:\junha\Datasets\LTDv2\frames\frames\20210413\clip_19_0830\image_0026.jpg,6,13.71615,-3.1173682
20210413,C:\junha\Datasets\LTDv2\frames\frames\20210413\clip_19_0830\image_0027.jpg,6,13.770224,-3.306521
20210413,C:\junha\Datasets\LTDv2\frames\frames\20210413\clip_19_0830\image_0028.jpg,8,17.453138,-0.681734
20210413,C:\junha\Datasets\LTDv2\frames\frames\20210413\clip_19_0830\image_0029.jpg,6,12.992228,-4.7373133
20210413,C:\junha\Datasets\LTDv2\frames\frames\20210413\clip_19_0830\image_0030.jpg,8,18.110643,-1.1765217
20210413,C:\junha\Datasets\LTDv2\frames\frames\20210413\clip_19_0830\image_0031.jpg,8,31.110369,4.807022
20210413,C:\junha\Datasets\LTDv2\frames\frames\20210413\clip_19_0830\image_0032.jpg,8,18.775106,-1.6713165
20210413,C:\junha\Datasets\LTDv2\frames\frames\20210413\clip_19_0830\image_0033.jpg,8,18.62646,-1.7000343
20210413,C:\junha\Datasets\LTDv2\frames\frames\20210413\clip_19_0830\image_0034.jpg,8,18.408983,-1.727001
20210413,C:\junha\Datasets\LTDv2\frames\frames\20210413\clip_19_0830\image_0035.jpg,8,18.129522,-1.5836331
20210413,C:\junha\Datasets\LTDv2\frames\frames\20210413\clip_19_0830\image_0036.jpg,6,15.17684,-2.2767794
20210413,C:\junha\Datasets\LTDv2\frames\frames\20210413\clip_19_0830\image_0037.jpg,6,14.86289,-2.450513
20210413,C:\junha\Datasets\LTDv2\frames\frames\20210413\clip_19_0830\image_0038.jpg,8,15.01258,-2.4181988
20210413,C:\junha\Datasets\LTDv2\frames\frames\20210413\clip_19_0830\image_0039.jpg,8,18.267979,-0.9477642
20210413,C:\junha\Datasets\LTDv2\frames\frames\20210413\clip_19_0830\image_0040.jpg,6,14.017255,-3.678526
20210413,C:\junha\Datasets\LTDv2\frames\frames\20210413\clip_19_0830\image_0041.jpg,6,13.719178,-3.6475208
20210413,C:\junha\Datasets\LTDv2\frames\frames\20210413\clip_19_0830\image_0042.jpg,6,13.105873,-4.0346084
20210413,C:\junha\Datasets\LTDv2\frames\frames\20210413\clip_19_0830\image_0043.jpg,6,13.04737,-4.179979
20210413,C:\junha\Datasets\LTDv2\frames\frames\20210413\clip_19_0830\image_0044.jpg,6,7.5836334,-3.1754994
20210413,C:\junha\Datasets\LTDv2\frames\frames\20210413\clip_19_0830\image_0045.jpg,6,14.8607855,-2.3410785
20210413,C:\junha\Datasets\LTDv2\frames\frames\20210413\clip_19_0830\image_0046.jpg,6,11.513887,-1.5850928
20210413,C:\junha\Datasets\LTDv2\frames\frames\20210413\clip_19_0830\image_0047.jpg,6,10.771762,-1.5344939
20210413,C:\junha\Datasets\LTDv2\frames\frames\20210413\clip_19_0830\image_0048.jpg,6,9.770897,-1.4835027
20210413,C:\junha\Datasets\LTDv2\frames\frames\20210413\clip_19_0830\image_0049.jpg,6,6.2022324,-2.6428397
20210413,C:\junha\Datasets\LTDv2\frames\frames\20210413\clip_19_0830\image_0050.jpg,6,5.877461,-2.5719728
20210413,C:\junha\Datasets\LTDv2\frames\frames\20210413\clip_19_0830\image_0051.jpg,6,5.5578947,-2.6887887
20210413,C:\junha\Datasets\LTDv2\frames\frames\20210413\clip_19_0830\image_0052.jpg,6,5.463668,-2.7696254
20210413,C:\junha\Datasets\LTDv2\frames\frames\20210413\clip_19_0830\image_0053.jpg,8,19.702295,6.437895
20210413,C:\junha\Datasets\LTDv2\frames\frames\20210413\clip_19_0830\image_0054.jpg,6,10.310827,-0.46307188
20210413,C:\junha\Datasets\LTDv2\frames\frames\20210413\clip_19_0830\image_0055.jpg,6,10.499451,-0.6838362
20210413,C:\junha\Datasets\LTDv2\frames\frames\20210413\clip_19_0830\image_0056.jpg,6,9.258947,-0.054062948
20210413,C:\junha\Datasets\LTDv2\frames\frames\20210413\clip_19_0830\image_0057.jpg,6,9.541451,-0.10923393
20210413,C:\junha\Datasets\LTDv2\frames\frames\20210413\clip_19_0830\image_0058.jpg,6,9.696345,-0.14074893
20210413,C:\junha\Datasets\LTDv2\frames\frames\20210413\clip_19_0830\image_0059.jpg,6,6.9010887,-3.092317
20210413,C:\junha\Datasets\LTDv2\frames\frames\20210413\clip_19_0830\image_0060.jpg,6,6.3648643,-2.5214596
20210413,C:\junha\Datasets\LTDv2\frames\frames\20210413\clip_19_0830\image_0061.jpg,6,6.7986603,-2.3845193
20210413,C:\junha\Datasets\LTDv2\frames\frames\20210413\clip_19_0830\image_0062.jpg,6,10.9822,-1.4960124
20210413,C:\junha\Datasets\LTDv2\frames\frames\20210413\clip_19_0830\image_0063.jpg,6,10.595283,-1.2639687
20210413,C:\junha\Datasets\LTDv2\frames\frames\20210413\clip_19_0830\image_0064.jpg,6,10.42153,-1.082164
20210413,C:\junha\Datasets\LTDv2\frames\frames\20210413\clip_19_0830\image_0065.jpg,6,11.646308,-1.4259189
20210413,C:\junha\Datasets\LTDv2\frames\frames\20210413\clip_19_0830\image_0066.jpg,6,8.413981,-0.33727777
20210413,C:\junha\Datasets\LTDv2\frames\frames\20210413\clip_19_0830\image_0067.jpg,6,8.3846035,-0.29377282
20210413,C:\junha\Datasets\LTDv2\frames\frames\20210413\clip_19_0830\image_0068.jpg,6,7.907823,-0.2672413
20210413,C:\junha\Datasets\LTDv2\frames\frames\20210413\clip_19_0830\image_0069.jpg,6,6.076095,-1.4690726
20210413,C:\junha\Datasets\LTDv2\frames\frames\20210413\clip_19_0830\image_0070.jpg,6,5.6367226,-1.5895216
20210413,C:\junha\Datasets\LTDv2\frames\frames\20210413\clip_19_0830\image_0071.jpg,6,5.588957,-1.5838302
20210413,C:\junha\Datasets\LTDv2\frames\frames\20210413\clip_19_0830\image_0072.jpg,6,6.579258,-1.923443
20210413,C:\junha\Datasets\LTDv2\frames\frames\20210413\clip_19_0830\image_0073.jpg,6,7.08503,-1.5949807
20210413,C:\junha\Datasets\LTDv2\frames\frames\20210413\clip_19_0830\image_0074.jpg,6,6.018165,-1.9803154
20210413,C:\junha\Datasets\LTDv2\frames\frames\20210413\clip_19_0830\image_0075.jpg,6,6.0615177,-1.9341872
20210413,C:\junha\Datasets\LTDv2\frames\frames\20210413\clip_19_0830\image_0076.jpg,6,7.6660557,-1.0909867
20210413,C:\junha\Datasets\LTDv2\frames\frames\20210413\clip_19_0830\image_0077.jpg,6,7.5764356,-1.1475908
20210413,C:\junha\Datasets\LTDv2\frames\frames\20210413\clip_19_0830\image_0078.jpg,6,7.049464,0.025058025
20210413,C:\junha\Datasets\LTDv2\frames\frames\20210413\clip_19_0830\image_0079.jpg,8,18.786102,-1.8897641
20210413,C:\junha\Datasets\LTDv2\frames\frames\20210413\clip_19_0830\image_0080.jpg,8,31.41904,5.4437227
20210413,C:\junha\Datasets\LTDv2\frames\frames\20210413\clip_19_0830\image_0081.jpg,8,31.500635,5.225833
20210413,C:\junha\Datasets\LTDv2\frames\frames\20210413\clip_19_0830\image_0082.jpg,8,30.035378,4.241173
20210413,C:\junha\Datasets\LTDv2\frames\frames\20210413\clip_19_0830\image_0083.jpg,8,31.530167,5.074606
20210413,C:\junha\Datasets\LTDv2\frames\frames\20210413\clip_19_0830\image_0084.jpg,8,31.97657,5.014034
20210413,C:\junha\Datasets\LTDv2\frames\frames\20210413\clip_19_0830\image_0085.jpg,8,31.29887,5.0791907
20210413,C:\junha\Datasets\LTDv2\frames\frames\20210413\clip_19_0830\image_0086.jpg,8,17.672411,-1.9947208
20210413,C:\junha\Datasets\LTDv2\frames\frames\20210413\clip_19_0830\image_0087.jpg,8,17.672935,-2.0022435
20210413,C:\junha\Datasets\LTDv2\frames\frames\20210413\clip_19_0830\image_0088.jpg,6,13.540432,-0.9024081
20210413,C:\junha\Datasets\LTDv2\frames\frames\20210413\clip_19_0830\image_0089.jpg,6,7.64544,1.4559096
20210413,C:\junha\Datasets\LTDv2\frames\frames\20210413\clip_19_0830\image_0090.jpg,6,7.6639147,1.8686149
20210413,C:\junha\Datasets\LTDv2\frames\frames\20210413\clip_19_0830\image_0091.jpg,6,7.719829,2.1838546
20210413,C:\junha\Datasets\LTDv2\frames\frames\20210413\clip_19_0830\image_0092.jpg,8,22.020325,2.48856
20210413,C:\junha\Datasets\LTDv2\frames\frames\20210413\clip_19_0830\image_0093.jpg,8,22.050877,2.4803286
20210413,C:\junha\Datasets\LTDv2\frames\frames\20210413\clip_19_0830\image_0094.jpg,6,7.7911096,2.8514574
20210413,C:\junha\Datasets\LTDv2\frames\frames\20210413\clip_19_0830\image_0095.jpg,6,7.7715034,2.9676957
20210413,C:\junha\Datasets\LTDv2\frames\frames\20210413\clip_19_0830\image_0096.jpg,8,22.88297,2.2298653
20210413,C:\junha\Datasets\LTDv2\frames\frames\20210413\clip_19_0830\image_0097.jpg,8,22.980001,2.214844
20210413,C:\junha\Datasets\LTDv2\frames\frames\20210413\clip_19_0830\image_0098.jpg,8,31.509727,5.7368574
20210413,C:\junha\Datasets\LTDv2\frames\frames\20210413\clip_19_0830\image_0099.jpg,8,31.54308,4.1895704
20210413,C:\junha\Datasets\LTDv2\frames\frames\20210413\clip_19_0830\image_0100.jpg,6,13.700188,-0.6767759
20210413,C:\junha\Datasets\LTDv2\frames\frames\20210413\clip_19_0830\image_0101.jpg,6,13.749664,-0.30082834
20210413,C:\junha\Datasets\LTDv2\frames\frames\20210413\clip_19_0830\image_0102.jpg,6,12.360405,-0.42684028
20210413,C:\junha\Datasets\LTDv2\frames\frames\20210413\clip_19_0830\image_0103.jpg,6,12.147334,-0.3542881
20210413,C:\junha\Datasets\LTDv2\frames\frames\20210413\clip_19_0830\image_0104.jpg,6,9.109373,-2.4339287
20210413,C:\junha\Datasets\LTDv2\frames\frames\20210413\clip_19_0830\image_0105.jpg,6,8.715392,-2.373494
20210413,C:\junha\Datasets\LTDv2\frames\frames\20210413\clip_19_0830\image_0106.jpg,6,12.598984,-2.440113
20210413,C:\junha\Datasets\LTDv2\frames\frames\20210413\clip_19_0830\image_0107.jpg,6,9.627087,-2.3021145
20210413,C:\junha\Datasets\LTDv2\frames\frames\20210413\clip_19_0830\image_0108.jpg,6,9.141627,-2.3136466
20210413,C:\junha\Datasets\LTDv2\frames\frames\20210413\clip_19_0830\image_0109.jpg,6,8.116235,-2.0007641
20210413,C:\junha\Datasets\LTDv2\frames\frames\20210413\clip_19_0830\image_0110.jpg,6,9.855375,-2.5329874
20210413,C:\junha\Datasets\LTDv2\frames\frames\20210413\clip_19_0830\image_0111.jpg,6,11.018988,-2.9913983
20210413,C:\junha\Datasets\LTDv2\frames\frames\20210413\clip_19_0830\image_0112.jpg,6,11.140795,-2.7843256
20210413,C:\junha\Datasets\LTDv2\frames\frames\20210413\clip_19_0830\image_0113.jpg,6,11.010779,-2.9076505
20210413,C:\junha\Datasets\LTDv2\frames\frames\20210413\clip_19_0830\image_0114.jpg,6,9.240871,-3.5118651
20210413,C:\junha\Datasets\LTDv2\frames\frames\20210413\clip_19_0830\image_0115.jpg,6,9.817151,-3.259183
20210413,C:\junha\Datasets\LTDv2\frames\frames\20210413\clip_19_0830\image_0116.jpg,6,11.81973,-2.7649658
20210413,C:\junha\Datasets\LTDv2\frames\frames\20210413\clip_19_0830\image_0117.jpg,6,11.192169,-2.7297313
20210413,C:\junha\Datasets\LTDv2\frames\frames\20210413\clip_19_0830\image_0118.jpg,6,7.888895,-3.0656025
20210413,C:\junha\Datasets\LTDv2\frames\frames\20210413\clip_19_0830\image_0119.jpg,6,8.696143,-1.6453065
20210413,C:\junha\Datasets\LTDv2\frames\frames\20210413\clip_1_0028\image_0000.jpg,1,-24.429754,-32.370537
20210413,C:\junha\Datasets\LTDv2\frames\frames\20210413\clip_1_0028\image_0001.jpg,1,-24.68234,-32.314987
20210413,C:\junha\Datasets\LTDv2\frames\frames\20210413\clip_1_0028\image_0002.jpg,1,-24.577362,-32.195114
20210413,C:\junha\Datasets\LTDv2\frames\frames\20210413\clip_1_0028\image_0003.jpg,1,-24.566105,-32.6999
20210413,C:\junha\Datasets\LTDv2\frames\frames\20210413\clip_1_0028\image_0004.jpg,1,-23.953108,-31.698616
20210413,C:\junha\Datasets\LTDv2\frames\frames\20210413\clip_1_0028\image_0005.jpg,1,-24.875214,-31.496891
20210413,C:\junha\Datasets\LTDv2\frames\frames\20210413\clip_1_0028\image_0006.jpg,1,-24.55041,-31.375727
20210413,C:\junha\Datasets\LTDv2\frames\frames\20210413\clip_1_0028\image_0007.jpg,1,-24.023647,-31.475426
20210413,C:\junha\Datasets\LTDv2\frames\frames\20210413\clip_1_0028\image_0008.jpg,1,-24.322392,-31.492332
20210413,C:\junha\Datasets\LTDv2\frames\frames\20210413\clip_1_0028\image_0009.jpg,1,-25.236713,-28.900501
20210413,C:\junha\Datasets\LTDv2\frames\frames\20210413\clip_1_0028\image_0010.jpg,1,-25.235493,-28.810564
20210413,C:\junha\Datasets\LTDv2\frames\frames\20210413\clip_1_0028\image_0011.jpg,1,-24.154882,-30.94061
20210413,C:\junha\Datasets\LTDv2\frames\frames\20210413\clip_1_0028\image_0012.jpg,1,-23.844461,-31.341328
20210413,C:\junha\Datasets\LTDv2\frames\frames\20210413\clip_1_0028\image_0013.jpg,1,-23.999378,-30.670874
20210413,C:\junha\Datasets\LTDv2\frames\frames\20210413\clip_1_0028\image_0014.jpg,1,-23.263517,-29.861492
20210413,C:\junha\Datasets\LTDv2\frames\frames\20210413\clip_1_0028\image_0015.jpg,1,-22.218826,-30.540596
20210413,C:\junha\Datasets\LTDv2\frames\frames\20210413\clip_1_0028\image_0016.jpg,1,-22.488335,-30.760063
20210413,C:\junha\Datasets\LTDv2\frames\frames\20210413\clip_1_0028\image_0017.jpg,1,-23.352747,-30.208124
20210413,C:\junha\Datasets\LTDv2\frames\frames\20210413\clip_1_0028\image_0018.jpg,1,-23.551292,-29.494226
20210413,C:\junha\Datasets\LTDv2\frames\frames\20210413\clip_1_0028\image_0019.jpg,1,-22.67073,-31.164392
20210413,C:\junha\Datasets\LTDv2\frames\frames\20210413\clip_1_0028\image_0020.jpg,1,-23.44775,-31.202217
20210413,C:\junha\Datasets\LTDv2\frames\frames\20210413\clip_1_0028\image_0021.jpg,1,-23.132206,-32.18057
20210413,C:\junha\Datasets\LTDv2\frames\frames\20210413\clip_1_0028\image_0022.jpg,1,-23.250944,-32.20531
20210413,C:\junha\Datasets\LTDv2\frames\frames\20210413\clip_1_0028\image_0023.jpg,1,-22.43995,-32.191456
20210413,C:\junha\Datasets\LTDv2\frames\frames\20210413\clip_1_0028\image_0024.jpg,1,-22.787243,-32.280663
20210413,C:\junha\Datasets\LTDv2\frames\frames\20210413\clip_1_0028\image_0025.jpg,1,-21.203512,-30.632463
20210413,C:\junha\Datasets\LTDv2\frames\frames\20210413\clip_1_0028\image_0026.jpg,1,-20.431744,-30.491577
20210413,C:\junha\Datasets\LTDv2\frames\frames\20210413\clip_1_0028\image_0027.jpg,1,-22.7011,-32.11584
20210413,C:\junha\Datasets\LTDv2\frames\frames\20210413\clip_1_0028\image_0028.jpg,1,-20.976992,-30.57212
20210413,C:\junha\Datasets\LTDv2\frames\frames\20210413\clip_1_0028\image_0029.jpg,1,-15.898363,-30.26607
20210413,C:\junha\Datasets\LTDv2\frames\frames\20210413\clip_1_0028\image_0030.jpg,1,-16.456074,-30.527826
20210413,C:\junha\Datasets\LTDv2\frames\frames\20210413\clip_1_0028\image_0031.jpg,1,-20.71057,-30.483376
20210413,C:\junha\Datasets\LTDv2\frames\frames\20210413\clip_1_0028\image_0032.jpg,1,-20.585844,-30.326773
20210413,C:\junha\Datasets\LTDv2\frames\frames\20210413\clip_1_0028\image_0033.jpg,1,-15.646219,-30.225912
20210413,C:\junha\Datasets\LTDv2\frames\frames\20210413\clip_1_0028\image_0034.jpg,1,-15.476209,-30.229506
20210413,C:\junha\Datasets\LTDv2\frames\frames\20210413\clip_1_0028\image_0035.jpg,1,-19.580444,-30.736809
20210413,C:\junha\Datasets\LTDv2\frames\frames\20210413\clip_1_0028\image_0036.jpg,1,-19.592474,-30.769667
20210413,C:\junha\Datasets\LTDv2\frames\frames\20210413\clip_1_0028\image_0037.jpg,1,-18.636229,-31.221165
20210413,C:\junha\Datasets\LTDv2\frames\frames\20210413\clip_1_0028\image_0038.jpg,1,-18.603716,-31.278057
20210413,C:\junha\Datasets\LTDv2\frames\frames\20210413\clip_1_0028\image_0039.jpg,1,-18.412354,-31.007534
20210413,C:\junha\Datasets\LTDv2\frames\frames\20210413\clip_1_0028\image_0040.jpg,1,-17.930737,-30.953354
20210413,C:\junha\Datasets\LTDv2\frames\frames\20210413\clip_1_0028\image_0041.jpg,1,-15.670243,-30.52739
20210413,C:\junha\Datasets\LTDv2\frames\frames\20210413\clip_1_0028\image_0042.jpg,1,-15.825797,-30.464106
20210413,C:\junha\Datasets\LTDv2\frames\frames\20210413\clip_1_0028\image_0043.jpg,1,-14.610681,-29.823956
20210413,C:\junha\Datasets\LTDv2\frames\frames\20210413\clip_1_0028\image_0044.jpg,1,-14.014084,-29.409184
20210413,C:\junha\Datasets\LTDv2\frames\frames\20210413\clip_1_0028\image_0045.jpg,1,-18.333504,-29.44124
20210413,C:\junha\Datasets\LTDv2\frames\frames\20210413\clip_1_0028\image_0046.jpg,1,-18.37263,-29.43206
20210413,C:\junha\Datasets\LTDv2\frames\frames\20210413\clip_1_0028\image_0047.jpg,1,-19.61005,-30.008741
20210413,C:\junha\Datasets\LTDv2\frames\frames\20210413\clip_1_0028\image_0048.jpg,1,-19.523653,-29.955027
20210413,C:\junha\Datasets\LTDv2\frames\frames\20210413\clip_1_0028\image_0049.jpg,1,-18.033936,-29.375368
20210413,C:\junha\Datasets\LTDv2\frames\frames\20210413\clip_1_0028\image_0050.jpg,1,-16.9103,-29.19947
20210413,C:\junha\Datasets\LTDv2\frames\frames\20210413\clip_1_0028\image_0051.jpg,1,-15.275414,-28.816973
20210413,C:\junha\Datasets\LTDv2\frames\frames\20210413\clip_1_0028\image_0052.jpg,1,-14.966627,-28.825994
20210413,C:\junha\Datasets\LTDv2\frames\frames\20210413\clip_1_0028\image_0053.jpg,1,-17.157652,-28.829199
20210413,C:\junha\Datasets\LTDv2\frames\frames\20210413\clip_1_0028\image_0054.jpg,1,-16.905148,-28.918749
20210413,C:\junha\Datasets\LTDv2\frames\frames\20210413\clip_1_0028\image_0055.jpg,1,-14.658337,-28.215435
20210413,C:\junha\Datasets\LTDv2\frames\frames\20210413\clip_1_0028\image_0056.jpg,1,-14.688574,-28.232738
20210413,C:\junha\Datasets\LTDv2\frames\frames\20210413\clip_1_0028\image_0057.jpg,1,-15.802152,-28.755909
20210413,C:\junha\Datasets\LTDv2\frames\frames\20210413\clip_1_0028\image_0058.jpg,1,-16.247768,-28.724209
20210413,C:\junha\Datasets\LTDv2\frames\frames\20210413\clip_1_0028\image_0059.jpg,1,-14.278895,-28.073803
20210413,C:\junha\Datasets\LTDv2\frames\frames\20210413\clip_1_0028\image_0060.jpg,1,-16.322113,-28.162992
20210413,C:\junha\Datasets\LTDv2\frames\frames\20210413\clip_1_0028\image_0061.jpg,1,-15.123964,-27.293104
20210413,C:\junha\Datasets\LTDv2\frames\frames\20210413\clip_1_0028\image_0062.jpg,1,-14.819052,-27.488241
20210413,C:\junha\Datasets\LTDv2\frames\frames\20210413\clip_1_0028\image_0063.jpg,1,-13.570152,-27.40287
20210413,C:\junha\Datasets\LTDv2\frames\frames\20210413\clip_1_0028\image_0064.jpg,1,-13.644257,-27.259102
20210413,C:\junha\Datasets\LTDv2\frames\frames\20210413\clip_1_0028\image_0065.jpg,1,-13.842072,-27.487494
20210413,C:\junha\Datasets\LTDv2\frames\frames\20210413\clip_1_0028\image_0066.jpg,1,-13.686147,-27.468964
20210413,C:\junha\Datasets\LTDv2\frames\frames\20210413\clip_1_0028\image_0067.jpg,1,-15.549582,-26.687561
20210413,C:\junha\Datasets\LTDv2\frames\frames\20210413\clip_1_0028\image_0068.jpg,1,-16.05269,-26.398502
20210413,C:\junha\Datasets\LTDv2\frames\frames\20210413\clip_1_0028\image_0069.jpg,1,-14.418401,-27.40124
20210413,C:\junha\Datasets\LTDv2\frames\frames\20210413\clip_1_0028\image_0070.jpg,1,-15.646521,-27.493633
20210413,C:\junha\Datasets\LTDv2\frames\frames\20210413\clip_1_0028\image_0071.jpg,1,-16.235476,-26.975147
20210413,C:\junha\Datasets\LTDv2\frames\frames\20210413\clip_1_0028\image_0072.jpg,1,-16.448336,-27.036142
20210413,C:\junha\Datasets\LTDv2\frames\frames\20210413\clip_1_0028\image_0073.jpg,1,-14.322519,-25.69311
20210413,C:\junha\Datasets\LTDv2\frames\frames\20210413\clip_1_0028\image_0074.jpg,1,-14.373438,-25.819736
20210413,C:\junha\Datasets\LTDv2\frames\frames\20210413\clip_1_0028\image_0075.jpg,1,-13.8695345,-28.19371
20210413,C:\junha\Datasets\LTDv2\frames\frames\20210413\clip_1_0028\image_0076.jpg,1,-14.114811,-28.09455
20210413,C:\junha\Datasets\LTDv2\frames\frames\20210413\clip_1_0028\image_0077.jpg,1,-17.66784,-25.685297
20210413,C:\junha\Datasets\LTDv2\frames\frames\20210413\clip_1_0028\image_0078.jpg,1,-17.511023,-25.467855
20210413,C:\junha\Datasets\LTDv2\frames\frames\20210413\clip_1_0028\image_0079.jpg,1,-18.997446,-26.22136
20210413,C:\junha\Datasets\LTDv2\frames\frames\20210413\clip_1_0028\image_0080.jpg,1,-19.179468,-26.181196
20210413,C:\junha\Datasets\LTDv2\frames\frames\20210413\clip_1_0028\image_0081.jpg,1,-17.596256,-26.623278
20210413,C:\junha\Datasets\LTDv2\frames\frames\20210413\clip_1_0028\image_0082.jpg,1,-17.792889,-26.704086
20210413,C:\junha\Datasets\LTDv2\frames\frames\20210413\clip_1_0028\image_0083.jpg,1,-17.884825,-27.837603
20210413,C:\junha\Datasets\LTDv2\frames\frames\20210413\clip_1_0028\image_0084.jpg,1,-17.625854,-28.024485
20210413,C:\junha\Datasets\LTDv2\frames\frames\20210413\clip_1_0028\image_0085.jpg,1,-18.000296,-26.948168
20210413,C:\junha\Datasets\LTDv2\frames\frames\20210413\clip_1_0028\image_0086.jpg,1,-18.132309,-27.013277
20210413,C:\junha\Datasets\LTDv2\frames\frames\20210413\clip_1_0028\image_0087.jpg,1,-18.253605,-26.988285
20210413,C:\junha\Datasets\LTDv2\frames\frames\20210413\clip_1_0028\image_0088.jpg,1,-16.833166,-26.224976
20210413,C:\junha\Datasets\LTDv2\frames\frames\20210413\clip_1_0028\image_0089.jpg,1,-15.566697,-26.38679
20210413,C:\junha\Datasets\LTDv2\frames\frames\20210413\clip_1_0028\image_0090.jpg,1,-18.192457,-26.345787
20210413,C:\junha\Datasets\LTDv2\frames\frames\20210413\clip_1_0028\image_0091.jpg,1,-14.671028,-26.63867
20210413,C:\junha\Datasets\LTDv2\frames\frames\20210413\clip_1_0028\image_0092.jpg,1,-15.543334,-26.206776
20210413,C:\junha\Datasets\LTDv2\frames\frames\20210413\clip_1_0028\image_0093.jpg,1,-19.281593,-27.096096
20210413,C:\junha\Datasets\LTDv2\frames\frames\20210413\clip_1_0028\image_0094.jpg,1,-16.019543,-25.459547
20210413,C:\junha\Datasets\LTDv2\frames\frames\20210413\clip_1_0028\image_0095.jpg,1,-21.026943,-27.191086
20210413,C:\junha\Datasets\LTDv2\frames\frames\20210413\clip_1_0028\image_0096.jpg,1,-20.881216,-27.0704
20210413,C:\junha\Datasets\LTDv2\frames\frames\20210413\clip_1_0028\image_0097.jpg,1,-20.618755,-27.19443
20210413,C:\junha\Datasets\LTDv2\frames\frames\20210413\clip_1_0028\image_0098.jpg,1,-20.80883,-27.270302
20210413,C:\junha\Datasets\LTDv2\frames\frames\20210413\clip_1_0028\image_0099.jpg,1,-20.010315,-26.764368
20210413,C:\junha\Datasets\LTDv2\frames\frames\20210413\clip_1_0028\image_0100.jpg,1,-19.884247,-26.737099
20210413,C:\junha\Datasets\LTDv2\frames\frames\20210413\clip_1_0028\image_0101.jpg,1,-21.520609,-27.096552
20210413,C:\junha\Datasets\LTDv2\frames\frames\20210413\clip_1_0028\image_0102.jpg,1,-21.670876,-27.145206
20210413,C:\junha\Datasets\LTDv2\frames\frames\20210413\clip_1_0028\image_0103.jpg,1,-19.437668,-27.95206
20210413,C:\junha\Datasets\LTDv2\frames\frames\20210413\clip_1_0028\image_0104.jpg,1,-19.589924,-27.876005
20210413,C:\junha\Datasets\LTDv2\frames\frames\20210413\clip_1_0028\image_0105.jpg,1,-18.154654,-25.21721
20210413,C:\junha\Datasets\LTDv2\frames\frames\20210413\clip_1_0028\image_0106.jpg,1,-17.920969,-25.256018
20210413,C:\junha\Datasets\LTDv2\frames\frames\20210413\clip_1_0028\image_0107.jpg,1,-13.246255,-29.142126
20210413,C:\junha\Datasets\LTDv2\frames\frames\20210413\clip_1_0028\image_0108.jpg,1,-13.189547,-29.037786
20210413,C:\junha\Datasets\LTDv2\frames\frames\20210413\clip_1_0028\image_0109.jpg,1,-18.282413,-24.935354
20210413,C:\junha\Datasets\LTDv2\frames\frames\20210413\clip_1_0028\image_0110.jpg,1,-18.683569,-24.84569
20210413,C:\junha\Datasets\LTDv2\frames\frames\20210413\clip_1_0028\image_0111.jpg,1,-18.70513,-24.512503
20210413,C:\junha\Datasets\LTDv2\frames\frames\20210413\clip_1_0028\image_0112.jpg,1,-18.90877,-24.566906
20210413,C:\junha\Datasets\LTDv2\frames\frames\20210413\clip_1_0028\image_0113.jpg,1,-19.966785,-24.361454
20210413,C:\junha\Datasets\LTDv2\frames\frames\20210413\clip_1_0028\image_0114.jpg,1,-19.843136,-24.405401
20210413,C:\junha\Datasets\LTDv2\frames\frames\20210413\clip_1_0028\image_0115.jpg,1,-20.230247,-25.991669
20210413,C:\junha\Datasets\LTDv2\frames\frames\20210413\clip_1_0028\image_0116.jpg,1,-19.766365,-25.898046
20210413,C:\junha\Datasets\LTDv2\frames\frames\20210413\clip_1_0028\image_0117.jpg,1,-19.707293,-25.548586
20210413,C:\junha\Datasets\LTDv2\frames\frames\20210413\clip_1_0028\image_0118.jpg,1,-19.845396,-25.438835
20210413,C:\junha\Datasets\LTDv2\frames\frames\20210413\clip_1_0028\image_0119.jpg,1,-21.230865,-25.756687
20210413,C:\junha\Datasets\LTDv2\frames\frames\20210413\clip_20_0858\image_0000.jpg,6,10.71612,7.259717
20210413,C:\junha\Datasets\LTDv2\frames\frames\20210413\clip_20_0858\image_0001.jpg,6,10.940783,7.3994536
20210413,C:\junha\Datasets\LTDv2\frames\frames\20210413\clip_20_0858\image_0002.jpg,6,11.34149,7.7229886
20210413,C:\junha\Datasets\LTDv2\frames\frames\20210413\clip_20_0858\image_0003.jpg,6,11.273191,7.5856266
20210413,C:\junha\Datasets\LTDv2\frames\frames\20210413\clip_20_0858\image_0004.jpg,6,11.595727,7.6854916
20210413,C:\junha\Datasets\LTDv2\frames\frames\20210413\clip_20_0858\image_0005.jpg,6,12.887487,7.823924
20210413,C:\junha\Datasets\LTDv2\frames\frames\20210413\clip_20_0858\image_0006.jpg,6,11.521291,7.6877284
20210413,C:\junha\Datasets\LTDv2\frames\frames\20210413\clip_20_0858\image_0007.jpg,6,11.929591,7.7430863
20210413,C:\junha\Datasets\LTDv2\frames\frames\20210413\clip_20_0858\image_0008.jpg,6,11.764722,7.7733617
20210413,C:\junha\Datasets\LTDv2\frames\frames\20210413\clip_20_0858\image_0009.jpg,6,14.257774,8.709083
20210413,C:\junha\Datasets\LTDv2\frames\frames\20210413\clip_20_0858\image_0010.jpg,6,14.409088,8.547019
20210413,C:\junha\Datasets\LTDv2\frames\frames\20210413\clip_20_0858\image_0011.jpg,6,13.964242,8.405552
20210413,C:\junha\Datasets\LTDv2\frames\frames\20210413\clip_20_0858\image_0012.jpg,6,13.139953,7.9304647
20210413,C:\junha\Datasets\LTDv2\frames\frames\20210413\clip_20_0858\image_0013.jpg,6,14.093618,7.3034234
20210413,C:\junha\Datasets\LTDv2\frames\frames\20210413\clip_20_0858\image_0014.jpg,6,14.863603,6.888418
20210413,C:\junha\Datasets\LTDv2\frames\frames\20210413\clip_20_0858\image_0015.jpg,6,15.050721,6.807556
20210413,C:\junha\Datasets\LTDv2\frames\frames\20210413\clip_20_0858\image_0016.jpg,6,14.24615,7.1390643
20210413,C:\junha\Datasets\LTDv2\frames\frames\20210413\clip_20_0858\image_0017.jpg,6,14.215818,7.295962
20210413,C:\junha\Datasets\LTDv2\frames\frames\20210413\clip_20_0858\image_0018.jpg,8,24.26902,9.809386
20210413,C:\junha\Datasets\LTDv2\frames\frames\20210413\clip_20_0858\image_0019.jpg,8,24.137047,9.678212
20210413,C:\junha\Datasets\LTDv2\frames\frames\20210413\clip_20_0858\image_0020.jpg,6,18.713266,10.366616
20210413,C:\junha\Datasets\LTDv2\frames\frames\20210413\clip_20_0858\image_0021.jpg,6,18.872952,10.356544
20210413,C:\junha\Datasets\LTDv2\frames\frames\20210413\clip_20_0858\image_0022.jpg,6,12.216907,9.1788225
20210413,C:\junha\Datasets\LTDv2\frames\frames\20210413\clip_20_0858\image_0023.jpg,6,12.089427,9.208769
20210413,C:\junha\Datasets\LTDv2\frames\frames\20210413\clip_20_0858\image_0024.jpg,6,12.430794,9.243701
20210413,C:\junha\Datasets\LTDv2\frames\frames\20210413\clip_20_0858\image_0025.jpg,6,18.772305,9.318783
20210413,C:\junha\Datasets\LTDv2\frames\frames\20210413\clip_20_0858\image_0026.jpg,8,21.58809,9.346701
20210413,C:\junha\Datasets\LTDv2\frames\frames\20210413\clip_20_0858\image_0027.jpg,8,21.576057,9.379232
20210413,C:\junha\Datasets\LTDv2\frames\frames\20210413\clip_20_0858\image_0028.jpg,8,22.047224,9.547627
20210413,C:\junha\Datasets\LTDv2\frames\frames\20210413\clip_20_0858\image_0029.jpg,6,17.27142,7.599903
20210413,C:\junha\Datasets\LTDv2\frames\frames\20210413\clip_20_0858\image_0030.jpg,6,17.325035,7.425594
20210413,C:\junha\Datasets\LTDv2\frames\frames\20210413\clip_20_0858\image_0031.jpg,6,17.136776,7.4047565
20210413,C:\junha\Datasets\LTDv2\frames\frames\20210413\clip_20_0858\image_0032.jpg,6,17.207462,7.452578
20210413,C:\junha\Datasets\LTDv2\frames\frames\20210413\clip_20_0858\image_0033.jpg,8,17.704563,7.303136
20210413,C:\junha\Datasets\LTDv2\frames\frames\20210413\clip_20_0858\image_0034.jpg,6,16.088217,8.251184
20210413,C:\junha\Datasets\LTDv2\frames\frames\20210413\clip_20_0858\image_0035.jpg,8,17.88742,6.7513967
20210413,C:\junha\Datasets\LTDv2\frames\frames\20210413\clip_20_0858\image_0036.jpg,6,17.687141,7.090299
20210413,C:\junha\Datasets\LTDv2\frames\frames\20210413\clip_20_0858\image_0037.jpg,6,16.831934,7.5023885
20210413,C:\junha\Datasets\LTDv2\frames\frames\20210413\clip_20_0858\image_0038.jpg,6,14.541714,9.594479
20210413,C:\junha\Datasets\LTDv2\frames\frames\20210413\clip_20_0858\image_0039.jpg,6,14.614113,9.606112
20210413,C:\junha\Datasets\LTDv2\frames\frames\20210413\clip_20_0858\image_0040.jpg,6,19.707193,10.961453
20210413,C:\junha\Datasets\LTDv2\frames\frames\20210413\clip_20_0858\image_0041.jpg,8,22.058378,11.873917
20210413,C:\junha\Datasets\LTDv2\frames\frames\20210413\clip_20_0858\image_0042.jpg,8,21.877647,11.785642
20210413,C:\junha\Datasets\LTDv2\frames\frames\20210413\clip_20_0858\image_0043.jpg,8,21.820913,11.760601
20210413,C:\junha\Datasets\LTDv2\frames\frames\20210413\clip_20_0858\image_0044.jpg,6,20.50123,12.045371
20210413,C:\junha\Datasets\LTDv2\frames\frames\20210413\clip_20_0858\image_0045.jpg,8,20.685083,12.194402
20210413,C:\junha\Datasets\LTDv2\frames\frames\20210413\clip_20_0858\image_0046.jpg,8,20.800545,12.274921
20210413,C:\junha\Datasets\LTDv2\frames\frames\20210413\clip_20_0858\image_0047.jpg,6,20.594847,12.377991
20210413,C:\junha\Datasets\LTDv2\frames\frames\20210413\clip_20_0858\image_0048.jpg,8,22.79156,11.343298
20210413,C:\junha\Datasets\LTDv2\frames\frames\20210413\clip_20_0858\image_0049.jpg,6,15.435236,10.009315
20210413,C:\junha\Datasets\LTDv2\frames\frames\20210413\clip_20_0858\image_0050.jpg,8,19.292889,12.1494055
20210413,C:\junha\Datasets\LTDv2\frames\frames\20210413\clip_20_0858\image_0051.jpg,6,19.28723,11.97285
20210413,C:\junha\Datasets\LTDv2\frames\frames\20210413\clip_20_0858\image_0052.jpg,8,19.715107,11.719113
20210413,C:\junha\Datasets\LTDv2\frames\frames\20210413\clip_20_0858\image_0053.jpg,6,19.091053,11.699905
20210413,C:\junha\Datasets\LTDv2\frames\frames\20210413\clip_20_0858\image_0054.jpg,8,22.75153,10.384116
20210413,C:\junha\Datasets\LTDv2\frames\frames\20210413\clip_20_0858\image_0055.jpg,8,22.826406,10.311284
20210413,C:\junha\Datasets\LTDv2\frames\frames\20210413\clip_20_0858\image_0056.jpg,6,18.93129,9.200503
20210413,C:\junha\Datasets\LTDv2\frames\frames\20210413\clip_20_0858\image_0057.jpg,8,21.887587,9.744255
20210413,C:\junha\Datasets\LTDv2\frames\frames\20210413\clip_20_0858\image_0058.jpg,8,22.024818,9.771106
20210413,C:\junha\Datasets\LTDv2\frames\frames\20210413\clip_20_0858\image_0059.jpg,6,15.183505,8.694329
20210413,C:\junha\Datasets\LTDv2\frames\frames\20210413\clip_20_0858\image_0060.jpg,6,15.7202,8.903974
20210413,C:\junha\Datasets\LTDv2\frames\frames\20210413\clip_20_0858\image_0061.jpg,8,18.205164,8.194203
20210413,C:\junha\Datasets\LTDv2\frames\frames\20210413\clip_20_0858\image_0062.jpg,6,17.65876,8.652169
20210413,C:\junha\Datasets\LTDv2\frames\frames\20210413\clip_20_0858\image_0063.jpg,8,18.431623,8.502514
20210413,C:\junha\Datasets\LTDv2\frames\frames\20210413\clip_20_0858\image_0064.jpg,8,18.04353,8.925877
20210413,C:\junha\Datasets\LTDv2\frames\frames\20210413\clip_20_0858\image_0065.jpg,8,17.995039,8.955057
20210413,C:\junha\Datasets\LTDv2\frames\frames\20210413\clip_20_0858\image_0066.jpg,6,16.824913,8.502966
20210413,C:\junha\Datasets\LTDv2\frames\frames\20210413\clip_20_0858\image_0067.jpg,6,17.408314,8.385648
20210413,C:\junha\Datasets\LTDv2\frames\frames\20210413\clip_20_0858\image_0068.jpg,8,18.151077,8.920228
20210413,C:\junha\Datasets\LTDv2\frames\frames\20210413\clip_20_0858\image_0069.jpg,6,16.732548,9.155012
20210413,C:\junha\Datasets\LTDv2\frames\frames\20210413\clip_20_0858\image_0070.jpg,6,16.534645,9.111572
20210413,C:\junha\Datasets\LTDv2\frames\frames\20210413\clip_20_0858\image_0071.jpg,6,16.279587,9.254667
20210413,C:\junha\Datasets\LTDv2\frames\frames\20210413\clip_20_0858\image_0072.jpg,8,19.735714,8.064456
20210413,C:\junha\Datasets\LTDv2\frames\frames\20210413\clip_20_0858\image_0073.jpg,6,19.687658,8.041448
20210413,C:\junha\Datasets\LTDv2\frames\frames\20210413\clip_20_0858\image_0074.jpg,8,19.47353,8.161471
20210413,C:\junha\Datasets\LTDv2\frames\frames\20210413\clip_20_0858\image_0075.jpg,8,29.739199,5.479303
20210413,C:\junha\Datasets\LTDv2\frames\frames\20210413\clip_20_0858\image_0076.jpg,8,29.939577,5.5222945
20210413,C:\junha\Datasets\LTDv2\frames\frames\20210413\clip_20_0858\image_0077.jpg,8,29.81467,5.5007
20210413,C:\junha\Datasets\LTDv2\frames\frames\20210413\clip_20_0858\image_0078.jpg,8,23.600525,9.137808
20210413,C:\junha\Datasets\LTDv2\frames\frames\20210413\clip_20_0858\image_0079.jpg,8,23.538944,9.11902
20210413,C:\junha\Datasets\LTDv2\frames\frames\20210413\clip_20_0858\image_0080.jpg,8,23.7476,8.93464
20210413,C:\junha\Datasets\LTDv2\frames\frames\20210413\clip_20_0858\image_0081.jpg,8,23.675386,8.93736
20210413,C:\junha\Datasets\LTDv2\frames\frames\20210413\clip_20_0858\image_0082.jpg,8,22.95998,8.92791
20210413,C:\junha\Datasets\LTDv2\frames\frames\20210413\clip_20_0858\image_0083.jpg,8,22.85853,8.9219675
20210413,C:\junha\Datasets\LTDv2\frames\frames\20210413\clip_20_0858\image_0084.jpg,8,20.179111,9.106406
20210413,C:\junha\Datasets\LTDv2\frames\frames\20210413\clip_20_0858\image_0085.jpg,6,19.780214,9.140947
20210413,C:\junha\Datasets\LTDv2\frames\frames\20210413\clip_20_0858\image_0086.jpg,6,19.897348,9.178779
20210413,C:\junha\Datasets\LTDv2\frames\frames\20210413\clip_20_0858\image_0087.jpg,6,20.125576,9.393
20210413,C:\junha\Datasets\LTDv2\frames\frames\20210413\clip_20_0858\image_0088.jpg,8,20.947266,9.071318
20210413,C:\junha\Datasets\LTDv2\frames\frames\20210413\clip_20_0858\image_0089.jpg,6,17.408215,11.076223
20210413,C:\junha\Datasets\LTDv2\frames\frames\20210413\clip_20_0858\image_0090.jpg,8,22.665913,9.439403
20210413,C:\junha\Datasets\LTDv2\frames\frames\20210413\clip_20_0858\image_0091.jpg,6,19.418314,8.603725
20210413,C:\junha\Datasets\LTDv2\frames\frames\20210413\clip_20_0858\image_0092.jpg,6,16.987293,11.309968
20210413,C:\junha\Datasets\LTDv2\frames\frames\20210413\clip_20_0858\image_0093.jpg,6,16.767223,11.437376
20210413,C:\junha\Datasets\LTDv2\frames\frames\20210413\clip_20_0858\image_0094.jpg,8,21.110012,8.795615
20210413,C:\junha\Datasets\LTDv2\frames\frames\20210413\clip_20_0858\image_0095.jpg,6,17.156502,11.491494
20210413,C:\junha\Datasets\LTDv2\frames\frames\20210413\clip_20_0858\image_0096.jpg,6,15.721324,11.724241
20210413,C:\junha\Datasets\LTDv2\frames\frames\20210413\clip_20_0858\image_0097.jpg,6,15.579911,11.721344
20210413,C:\junha\Datasets\LTDv2\frames\frames\20210413\clip_20_0858\image_0098.jpg,6,15.725337,11.750611
20210413,C:\junha\Datasets\LTDv2\frames\frames\20210413\clip_20_0858\image_0099.jpg,6,16.229477,11.30385
20210413,C:\junha\Datasets\LTDv2\frames\frames\20210413\clip_20_0858\image_0100.jpg,6,16.303106,11.54578
20210413,C:\junha\Datasets\LTDv2\frames\frames\20210413\clip_20_0858\image_0101.jpg,8,21.677317,8.296776
20210413,C:\junha\Datasets\LTDv2\frames\frames\20210413\clip_20_0858\image_0102.jpg,8,21.875053,8.127071
20210413,C:\junha\Datasets\LTDv2\frames\frames\20210413\clip_20_0858\image_0103.jpg,8,28.576033,5.85264
20210413,C:\junha\Datasets\LTDv2\frames\frames\20210413\clip_20_0858\image_0104.jpg,8,28.539934,5.9303966
20210413,C:\junha\Datasets\LTDv2\frames\frames\20210413\clip_20_0858\image_0105.jpg,8,24.791668,7.5584784
20210413,C:\junha\Datasets\LTDv2\frames\frames\20210413\clip_20_0858\image_0106.jpg,8,20.762774,7.0172224
20210413,C:\junha\Datasets\LTDv2\frames\frames\20210413\clip_20_0858\image_0107.jpg,8,20.629997,7.0080924
20210413,C:\junha\Datasets\LTDv2\frames\frames\20210413\clip_20_0858\image_0108.jpg,6,19.887552,7.467342
20210413,C:\junha\Datasets\LTDv2\frames\frames\20210413\clip_20_0858\image_0109.jpg,6,19.870993,7.812935
20210413,C:\junha\Datasets\LTDv2\frames\frames\20210413\clip_20_0858\image_0110.jpg,6,20.349354,7.8260875
20210413,C:\junha\Datasets\LTDv2\frames\frames\20210413\clip_20_0858\image_0111.jpg,8,23.244234,7.152766
20210413,C:\junha\Datasets\LTDv2\frames\frames\20210413\clip_20_0858\image_0112.jpg,8,23.421137,7.0798936
20210413,C:\junha\Datasets\LTDv2\frames\frames\20210413\clip_20_0858\image_0113.jpg,8,23.719149,7.24826
20210413,C:\junha\Datasets\LTDv2\frames\frames\20210413\clip_20_0858\image_0114.jpg,8,23.59433,7.0936384
20210413,C:\junha\Datasets\LTDv2\frames\frames\20210413\clip_20_0858\image_0115.jpg,8,23.749353,7.958598
20210413,C:\junha\Datasets\LTDv2\frames\frames\20210413\clip_20_0858\image_0116.jpg,8,21.034225,8.070008
20210413,C:\junha\Datasets\LTDv2\frames\frames\20210413\clip_20_0858\image_0117.jpg,8,23.258768,6.7292337
20210413,C:\junha\Datasets\LTDv2\frames\frames\20210413\clip_20_0858\image_0118.jpg,8,25.566025,7.2683797
20210413,C:\junha\Datasets\LTDv2\frames\frames\20210413\clip_20_0858\image_0119.jpg,8,28.454763,5.885059
20210413,C:\junha\Datasets\LTDv2\frames\frames\20210413\clip_21_0914\image_0000.jpg,6,14.926691,30.228575
20210413,C:\junha\Datasets\LTDv2\frames\frames\20210413\clip_21_0914\image_0001.jpg,6,15.727867,30.02687
20210413,C:\junha\Datasets\LTDv2\frames\frames\20210413\clip_21_0914\image_0002.jpg,6,15.835903,30.065502
20210413,C:\junha\Datasets\LTDv2\frames\frames\20210413\clip_21_0914\image_0003.jpg,6,12.631947,30.904078
20210413,C:\junha\Datasets\LTDv2\frames\frames\20210413\clip_21_0914\image_0004.jpg,6,12.645449,30.891207
20210413,C:\junha\Datasets\LTDv2\frames\frames\20210413\clip_21_0914\image_0005.jpg,6,14.739406,29.615816
20210413,C:\junha\Datasets\LTDv2\frames\frames\20210413\clip_21_0914\image_0006.jpg,6,15.092833,29.535852
20210413,C:\junha\Datasets\LTDv2\frames\frames\20210413\clip_21_0914\image_0007.jpg,6,14.9335165,29.632494
20210413,C:\junha\Datasets\LTDv2\frames\frames\20210413\clip_21_0914\image_0008.jpg,6,15.315318,29.399965
20210413,C:\junha\Datasets\LTDv2\frames\frames\20210413\clip_21_0914\image_0009.jpg,6,14.196688,29.858656
20210413,C:\junha\Datasets\LTDv2\frames\frames\20210413\clip_21_0914\image_0010.jpg,6,15.6321535,29.46862
20210413,C:\junha\Datasets\LTDv2\frames\frames\20210413\clip_21_0914\image_0011.jpg,6,15.57755,29.05241
20210413,C:\junha\Datasets\LTDv2\frames\frames\20210413\clip_21_0914\image_0012.jpg,6,15.630503,28.8169
20210413,C:\junha\Datasets\LTDv2\frames\frames\20210413\clip_21_0914\image_0013.jpg,6,14.712931,29.211433
20210413,C:\junha\Datasets\LTDv2\frames\frames\20210413\clip_21_0914\image_0014.jpg,6,14.763341,29.217863
20210413,C:\junha\Datasets\LTDv2\frames\frames\20210413\clip_21_0914\image_0015.jpg,6,13.619782,28.201591
20210413,C:\junha\Datasets\LTDv2\frames\frames\20210413\clip_21_0914\image_0016.jpg,6,14.086964,27.677221
20210413,C:\junha\Datasets\LTDv2\frames\frames\20210413\clip_21_0914\image_0017.jpg,6,12.929407,27.773102
20210413,C:\junha\Datasets\LTDv2\frames\frames\20210413\clip_21_0914\image_0018.jpg,6,13.446235,26.46977
20210413,C:\junha\Datasets\LTDv2\frames\frames\20210413\clip_21_0914\image_0019.jpg,6,9.206761,26.221249
20210413,C:\junha\Datasets\LTDv2\frames\frames\20210413\clip_21_0914\image_0020.jpg,6,13.675775,25.959007
20210413,C:\junha\Datasets\LTDv2\frames\frames\20210413\clip_21_0914\image_0021.jpg,6,12.590294,25.526915
20210413,C:\junha\Datasets\LTDv2\frames\frames\20210413\clip_21_0914\image_0022.jpg,6,13.129178,25.478247
20210413,C:\junha\Datasets\LTDv2\frames\frames\20210413\clip_21_0914\image_0023.jpg,6,14.197273,26.00945
20210413,C:\junha\Datasets\LTDv2\frames\frames\20210413\clip_21_0914\image_0024.jpg,6,13.586619,26.111843
20210413,C:\junha\Datasets\LTDv2\frames\frames\20210413\clip_21_0914\image_0025.jpg,6,13.695215,27.015633
20210413,C:\junha\Datasets\LTDv2\frames\frames\20210413\clip_21_0914\image_0026.jpg,6,13.734083,27.100391
20210413,C:\junha\Datasets\LTDv2\frames\frames\20210413\clip_21_0914\image_0027.jpg,6,12.886989,26.079323
20210413,C:\junha\Datasets\LTDv2\frames\frames\20210413\clip_21_0914\image_0028.jpg,6,13.483595,26.231403
20210413,C:\junha\Datasets\LTDv2\frames\frames\20210413\clip_21_0914\image_0029.jpg,6,10.8878765,26.562082
20210413,C:\junha\Datasets\LTDv2\frames\frames\20210413\clip_21_0914\image_0030.jpg,6,14.170919,27.429895
20210413,C:\junha\Datasets\LTDv2\frames\frames\20210413\clip_21_0914\image_0031.jpg,6,10.339294,25.96318
20210413,C:\junha\Datasets\LTDv2\frames\frames\20210413\clip_21_0914\image_0032.jpg,6,8.642949,25.395958
20210413,C:\junha\Datasets\LTDv2\frames\frames\20210413\clip_21_0914\image_0033.jpg,6,11.18731,25.737154
20210413,C:\junha\Datasets\LTDv2\frames\frames\20210413\clip_21_0914\image_0034.jpg,6,14.690015,26.624058
20210413,C:\junha\Datasets\LTDv2\frames\frames\20210413\clip_21_0914\image_0035.jpg,6,14.702982,26.63425
20210413,C:\junha\Datasets\LTDv2\frames\frames\20210413\clip_21_0914\image_0036.jpg,6,15.738492,24.456352
20210413,C:\junha\Datasets\LTDv2\frames\frames\20210413\clip_21_0914\image_0037.jpg,6,15.758868,24.506275
20210413,C:\junha\Datasets\LTDv2\frames\frames\20210413\clip_21_0914\image_0038.jpg,6,15.571131,25.292494
20210413,C:\junha\Datasets\LTDv2\frames\frames\20210413\clip_21_0914\image_0039.jpg,6,12.399503,26.766722
20210413,C:\junha\Datasets\LTDv2\frames\frames\20210413\clip_21_0914\image_0040.jpg,6,12.438029,27.355467
20210413,C:\junha\Datasets\LTDv2\frames\frames\20210413\clip_21_0914\image_0041.jpg,6,11.513866,27.376196
20210413,C:\junha\Datasets\LTDv2\frames\frames\20210413\clip_21_0914\image_0042.jpg,6,12.986344,27.021132
20210413,C:\junha\Datasets\LTDv2\frames\frames\20210413\clip_21_0914\image_0043.jpg,6,12.635601,27.131744
20210413,C:\junha\Datasets\LTDv2\frames\frames\20210413\clip_21_0914\image_0044.jpg,6,11.29331,27.352468
20210413,C:\junha\Datasets\LTDv2\frames\frames\20210413\clip_21_0914\image_0045.jpg,6,11.346298,27.331627
20210413,C:\junha\Datasets\LTDv2\frames\frames\20210413\clip_21_0914\image_0046.jpg,6,14.557364,25.789574
20210413,C:\junha\Datasets\LTDv2\frames\frames\20210413\clip_21_0914\image_0047.jpg,6,15.001733,25.53521
20210413,C:\junha\Datasets\LTDv2\frames\frames\20210413\clip_21_0914\image_0048.jpg,6,15.112418,25.52531
20210413,C:\junha\Datasets\LTDv2\frames\frames\20210413\clip_21_0914\image_0049.jpg,6,10.044378,28.494232
20210413,C:\junha\Datasets\LTDv2\frames\frames\20210413\clip_21_0914\image_0050.jpg,6,10.246994,28.244835
20210413,C:\junha\Datasets\LTDv2\frames\frames\20210413\clip_21_0914\image_0051.jpg,6,10.36038,28.157507
20210413,C:\junha\Datasets\LTDv2\frames\frames\20210413\clip_21_0914\image_0052.jpg,6,11.856158,28.31045
20210413,C:\junha\Datasets\LTDv2\frames\frames\20210413\clip_21_0914\image_0053.jpg,6,11.8421545,28.364954
20210413,C:\junha\Datasets\LTDv2\frames\frames\20210413\clip_21_0914\image_0054.jpg,6,10.4556875,27.623623
20210413,C:\junha\Datasets\LTDv2\frames\frames\20210413\clip_21_0914\image_0055.jpg,6,10.316834,27.534199
20210413,C:\junha\Datasets\LTDv2\frames\frames\20210413\clip_21_0914\image_0056.jpg,6,11.302171,28.887503
20210413,C:\junha\Datasets\LTDv2\frames\frames\20210413\clip_21_0914\image_0057.jpg,6,11.138742,28.646973
20210413,C:\junha\Datasets\LTDv2\frames\frames\20210413\clip_21_0914\image_0058.jpg,8,15.939038,25.477913
20210413,C:\junha\Datasets\LTDv2\frames\frames\20210413\clip_21_0914\image_0059.jpg,6,10.124873,27.357403
20210413,C:\junha\Datasets\LTDv2\frames\frames\20210413\clip_21_0914\image_0060.jpg,6,10.946609,27.680243
20210413,C:\junha\Datasets\LTDv2\frames\frames\20210413\clip_21_0914\image_0061.jpg,6,10.775408,27.595896
20210413,C:\junha\Datasets\LTDv2\frames\frames\20210413\clip_21_0914\image_0062.jpg,6,8.535922,27.540827
20210413,C:\junha\Datasets\LTDv2\frames\frames\20210413\clip_21_0914\image_0063.jpg,6,7.2508736,26.988527
20210413,C:\junha\Datasets\LTDv2\frames\frames\20210413\clip_21_0914\image_0064.jpg,6,8.575484,27.893448
20210413,C:\junha\Datasets\LTDv2\frames\frames\20210413\clip_21_0914\image_0065.jpg,6,8.5439205,27.861448
20210413,C:\junha\Datasets\LTDv2\frames\frames\20210413\clip_21_0914\image_0066.jpg,6,8.994539,28.148235
20210413,C:\junha\Datasets\LTDv2\frames\frames\20210413\clip_21_0914\image_0067.jpg,6,9.035644,28.30076
20210413,C:\junha\Datasets\LTDv2\frames\frames\20210413\clip_21_0914\image_0068.jpg,6,7.7843995,27.491177
20210413,C:\junha\Datasets\LTDv2\frames\frames\20210413\clip_21_0914\image_0069.jpg,6,7.296998,27.100063
20210413,C:\junha\Datasets\LTDv2\frames\frames\20210413\clip_21_0914\image_0070.jpg,6,7.09235,26.604458
20210413,C:\junha\Datasets\LTDv2\frames\frames\20210413\clip_21_0914\image_0071.jpg,6,7.1781993,26.48972
20210413,C:\junha\Datasets\LTDv2\frames\frames\20210413\clip_21_0914\image_0072.jpg,6,14.516041,23.943394
20210413,C:\junha\Datasets\LTDv2\frames\frames\20210413\clip_21_0914\image_0073.jpg,6,14.87841,23.994612
20210413,C:\junha\Datasets\LTDv2\frames\frames\20210413\clip_21_0914\image_0074.jpg,6,14.635983,24.081451
20210413,C:\junha\Datasets\LTDv2\frames\frames\20210413\clip_21_0914\image_0075.jpg,6,14.436617,24.235619
20210413,C:\junha\Datasets\LTDv2\frames\frames\20210413\clip_21_0914\image_0076.jpg,6,14.3673,24.555708
20210413,C:\junha\Datasets\LTDv2\frames\frames\20210413\clip_21_0914\image_0077.jpg,6,10.119546,26.52346
20210413,C:\junha\Datasets\LTDv2\frames\frames\20210413\clip_21_0914\image_0078.jpg,6,9.856328,26.47582
20210413,C:\junha\Datasets\LTDv2\frames\frames\20210413\clip_21_0914\image_0079.jpg,6,7.201305,27.223957
20210413,C:\junha\Datasets\LTDv2\frames\frames\20210413\clip_21_0914\image_0080.jpg,6,11.219654,24.264868
20210413,C:\junha\Datasets\LTDv2\frames\frames\20210413\clip_21_0914\image_0081.jpg,6,7.747696,26.58394
20210413,C:\junha\Datasets\LTDv2\frames\frames\20210413\clip_21_0914\image_0082.jpg,6,10.189189,25.047165
20210413,C:\junha\Datasets\LTDv2\frames\frames\20210413\clip_21_0914\image_0083.jpg,6,10.126259,25.127708
20210413,C:\junha\Datasets\LTDv2\frames\frames\20210413\clip_21_0914\image_0084.jpg,6,7.2613864,26.989456
20210413,C:\junha\Datasets\LTDv2\frames\frames\20210413\clip_21_0914\image_0085.jpg,6,8.47777,27.021383
20210413,C:\junha\Datasets\LTDv2\frames\frames\20210413\clip_21_0914\image_0086.jpg,6,13.069196,22.801998
20210413,C:\junha\Datasets\LTDv2\frames\frames\20210413\clip_21_0914\image_0087.jpg,6,12.140009,23.623539
20210413,C:\junha\Datasets\LTDv2\frames\frames\20210413\clip_21_0914\image_0088.jpg,6,11.80613,24.203312
20210413,C:\junha\Datasets\LTDv2\frames\frames\20210413\clip_21_0914\image_0089.jpg,8,16.731735,22.153997
20210413,C:\junha\Datasets\LTDv2\frames\frames\20210413\clip_21_0914\image_0090.jpg,8,16.705856,22.216366
20210413,C:\junha\Datasets\LTDv2\frames\frames\20210413\clip_21_0914\image_0091.jpg,8,16.695856,22.271624
20210413,C:\junha\Datasets\LTDv2\frames\frames\20210413\clip_21_0914\image_0092.jpg,6,7.9257183,23.225166
20210413,C:\junha\Datasets\LTDv2\frames\frames\20210413\clip_21_0914\image_0093.jpg,6,7.939509,23.170723
20210413,C:\junha\Datasets\LTDv2\frames\frames\20210413\clip_21_0914\image_0094.jpg,6,8.386982,23.716114
20210413,C:\junha\Datasets\LTDv2\frames\frames\20210413\clip_21_0914\image_0095.jpg,6,7.978212,24.383047
20210413,C:\junha\Datasets\LTDv2\frames\frames\20210413\clip_21_0914\image_0096.jpg,6,12.292779,24.441217
20210413,C:\junha\Datasets\LTDv2\frames\frames\20210413\clip_21_0914\image_0097.jpg,6,13.4204235,24.393656
20210413,C:\junha\Datasets\LTDv2\frames\frames\20210413\clip_21_0914\image_0098.jpg,6,13.388633,24.369278
20210413,C:\junha\Datasets\LTDv2\frames\frames\20210413\clip_21_0914\image_0099.jpg,6,9.425255,23.539402
20210413,C:\junha\Datasets\LTDv2\frames\frames\20210413\clip_21_0914\image_0100.jpg,6,8.60442,24.662605
20210413,C:\junha\Datasets\LTDv2\frames\frames\20210413\clip_21_0914\image_0101.jpg,6,9.387053,23.721504
20210413,C:\junha\Datasets\LTDv2\frames\frames\20210413\clip_21_0914\image_0102.jpg,6,9.1615715,24.194994
20210413,C:\junha\Datasets\LTDv2\frames\frames\20210413\clip_21_0914\image_0103.jpg,6,17.273197,27.098604
20210413,C:\junha\Datasets\LTDv2\frames\frames\20210413\clip_21_0914\image_0104.jpg,6,9.462551,22.973436
20210413,C:\junha\Datasets\LTDv2\frames\frames\20210413\clip_21_0914\image_0105.jpg,6,9.43565,23.071394
20210413,C:\junha\Datasets\LTDv2\frames\frames\20210413\clip_21_0914\image_0106.jpg,6,9.010259,24.07161
20210413,C:\junha\Datasets\LTDv2\frames\frames\20210413\clip_21_0914\image_0107.jpg,6,9.070041,24.075459
20210413,C:\junha\Datasets\LTDv2\frames\frames\20210413\clip_21_0914\image_0108.jpg,6,10.008814,22.75201
20210413,C:\junha\Datasets\LTDv2\frames\frames\20210413\clip_21_0914\image_0109.jpg,6,17.380392,27.084925
20210413,C:\junha\Datasets\LTDv2\frames\frames\20210413\clip_21_0914\image_0110.jpg,6,17.582884,27.154667
20210413,C:\junha\Datasets\LTDv2\frames\frames\20210413\clip_21_0914\image_0111.jpg,6,17.592075,27.174656
20210413,C:\junha\Datasets\LTDv2\frames\frames\20210413\clip_21_0914\image_0112.jpg,6,17.5247,27.136633
20210413,C:\junha\Datasets\LTDv2\frames\frames\20210413\clip_21_0914\image_0113.jpg,6,17.61349,27.111254
20210413,C:\junha\Datasets\LTDv2\frames\frames\20210413\clip_21_0914\image_0114.jpg,6,10.894836,23.268698
20210413,C:\junha\Datasets\LTDv2\frames\frames\20210413\clip_21_0914\image_0115.jpg,6,10.741802,23.275537
20210413,C:\junha\Datasets\LTDv2\frames\frames\20210413\clip_21_0914\image_0116.jpg,6,11.114569,23.86183
20210413,C:\junha\Datasets\LTDv2\frames\frames\20210413\clip_21_0914\image_0117.jpg,6,11.193245,23.813385
20210413,C:\junha\Datasets\LTDv2\frames\frames\20210413\clip_21_0914\image_0118.jpg,6,10.073423,23.67645
20210413,C:\junha\Datasets\LTDv2\frames\frames\20210413\clip_21_0914\image_0119.jpg,6,11.857845,22.521118
20210413,C:\junha\Datasets\LTDv2\frames\frames\20210413\clip_22_0942\image_0000.jpg,6,-5.5164375,3.6271424
20210413,C:\junha\Datasets\LTDv2\frames\frames\20210413\clip_22_0942\image_0001.jpg,6,-1.384328,5.101817
20210413,C:\junha\Datasets\LTDv2\frames\frames\20210413\clip_22_0942\image_0002.jpg,6,-4.3136215,2.900596
20210413,C:\junha\Datasets\LTDv2\frames\frames\20210413\clip_22_0942\image_0003.jpg,6,-4.1366568,2.9447303
20210413,C:\junha\Datasets\LTDv2\frames\frames\20210413\clip_22_0942\image_0004.jpg,6,-7.11703,4.049273
20210413,C:\junha\Datasets\LTDv2\frames\frames\20210413\clip_22_0942\image_0005.jpg,6,-6.869389,3.8340664
20210413,C:\junha\Datasets\LTDv2\frames\frames\20210413\clip_22_0942\image_0006.jpg,6,-2.8957999,2.3789115
20210413,C:\junha\Datasets\LTDv2\frames\frames\20210413\clip_22_0942\image_0007.jpg,6,-2.8616102,2.3984075
20210413,C:\junha\Datasets\LTDv2\frames\frames\20210413\clip_22_0942\image_0008.jpg,6,-7.3856306,4.9916654
20210413,C:\junha\Datasets\LTDv2\frames\frames\20210413\clip_22_0942\image_0009.jpg,6,1.6446277,7.369363
20210413,C:\junha\Datasets\LTDv2\frames\frames\20210413\clip_22_0942\image_0010.jpg,8,1.6028106,7.805709
20210413,C:\junha\Datasets\LTDv2\frames\frames\20210413\clip_22_0942\image_0011.jpg,6,1.5405236,7.882995
20210413,C:\junha\Datasets\LTDv2\frames\frames\20210413\clip_22_0942\image_0012.jpg,6,-1.2876557,2.3077726
20210413,C:\junha\Datasets\LTDv2\frames\frames\20210413\clip_22_0942\image_0013.jpg,6,-1.2402331,2.2926404
20210413,C:\junha\Datasets\LTDv2\frames\frames\20210413\clip_22_0942\image_0014.jpg,6,-7.6943903,5.3728333
20210413,C:\junha\Datasets\LTDv2\frames\frames\20210413\clip_22_0942\image_0015.jpg,6,-7.7022395,5.2664433
20210413,C:\junha\Datasets\LTDv2\frames\frames\20210413\clip_22_0942\image_0016.jpg,2,-9.352386,5.3699875
20210413,C:\junha\Datasets\LTDv2\frames\frames\20210413\clip_22_0942\image_0017.jpg,6,-9.32076,5.3613763
20210413,C:\junha\Datasets\LTDv2\frames\frames\20210413\clip_22_0942\image_0018.jpg,6,-5.6947217,4.7215996
20210413,C:\junha\Datasets\LTDv2\frames\frames\20210413\clip_22_0942\image_0019.jpg,2,-8.5146055,6.0683894
20210413,C:\junha\Datasets\LTDv2\frames\frames\20210413\clip_22_0942\image_0020.jpg,6,-4.0508113,4.48342
20210413,C:\junha\Datasets\LTDv2\frames\frames\20210413\clip_22_0942\image_0021.jpg,6,-3.6114874,4.678024
20210413,C:\junha\Datasets\LTDv2\frames\frames\20210413\clip_22_0942\image_0022.jpg,6,-5.512133,3.8112607
20210413,C:\junha\Datasets\LTDv2\frames\frames\20210413\clip_22_0942\image_0023.jpg,6,-5.2450147,3.7607787
20210413,C:\junha\Datasets\LTDv2\frames\frames\20210413\clip_22_0942\image_0024.jpg,6,-4.0637283,4.1321177
20210413,C:\junha\Datasets\LTDv2\frames\frames\20210413\clip_22_0942\image_0025.jpg,6,-2.1810744,4.9848647
20210413,C:\junha\Datasets\LTDv2\frames\frames\20210413\clip_22_0942\image_0026.jpg,6,-3.823616,4.1115785
20210413,C:\junha\Datasets\LTDv2\frames\frames\20210413\clip_22_0942\image_0027.jpg,6,-2.7796595,4.377941
20210413,C:\junha\Datasets\LTDv2\frames\frames\20210413\clip_22_0942\image_0028.jpg,6,-3.7080784,4.1199546
20210413,C:\junha\Datasets\LTDv2\frames\frames\20210413\clip_22_0942\image_0029.jpg,6,-1.9230207,5.2904663
20210413,C:\junha\Datasets\LTDv2\frames\frames\20210413\clip_22_0942\image_0030.jpg,6,-4.523815,3.9877954
20210413,C:\junha\Datasets\LTDv2\frames\frames\20210413\clip_22_0942\image_0031.jpg,6,-3.741952,3.8432846
20210413,C:\junha\Datasets\LTDv2\frames\frames\20210413\clip_22_0942\image_0032.jpg,6,-3.205869,5.0166087
20210413,C:\junha\Datasets\LTDv2\frames\frames\20210413\clip_22_0942\image_0033.jpg,6,-2.8804784,4.9929624
20210413,C:\junha\Datasets\LTDv2\frames\frames\20210413\clip_22_0942\image_0034.jpg,6,-3.235909,4.801662
20210413,C:\junha\Datasets\LTDv2\frames\frames\20210413\clip_22_0942\image_0035.jpg,6,-2.7695143,4.847531
20210413,C:\junha\Datasets\LTDv2\frames\frames\20210413\clip_22_0942\image_0036.jpg,6,-4.004219,4.8955207
20210413,C:\junha\Datasets\LTDv2\frames\frames\20210413\clip_22_0942\image_0037.jpg,6,-3.7205026,5.0553927
20210413,C:\junha\Datasets\LTDv2\frames\frames\20210413\clip_22_0942\image_0038.jpg,6,-6.1512384,4.234098
20210413,C:\junha\Datasets\LTDv2\frames\frames\20210413\clip_22_0942\image_0039.jpg,6,-5.8877144,3.8453503
20210413,C:\junha\Datasets\LTDv2\frames\frames\20210413\clip_22_0942\image_0040.jpg,6,-6.348233,3.1140058
20210413,C:\junha\Datasets\LTDv2\frames\frames\20210413\clip_22_0942\image_0041.jpg,6,-6.384509,3.1884196
20210413,C:\junha\Datasets\LTDv2\frames\frames\20210413\clip_22_0942\image_0042.jpg,6,-2.3169084,4.2317967
20210413,C:\junha\Datasets\LTDv2\frames\frames\20210413\clip_22_0942\image_0043.jpg,6,-6.220614,4.51328
20210413,C:\junha\Datasets\LTDv2\frames\frames\20210413\clip_22_0942\image_0044.jpg,6,-1.5538394,5.6146064
20210413,C:\junha\Datasets\LTDv2\frames\frames\20210413\clip_22_0942\image_0045.jpg,6,-1.5091641,5.547711
20210413,C:\junha\Datasets\LTDv2\frames\frames\20210413\clip_22_0942\image_0046.jpg,6,-2.7986014,5.9818487
20210413,C:\junha\Datasets\LTDv2\frames\frames\20210413\clip_22_0942\image_0047.jpg,6,-2.5976288,5.8472114
20210413,C:\junha\Datasets\LTDv2\frames\frames\20210413\clip_22_0942\image_0048.jpg,6,-3.6042705,5.857369
20210413,C:\junha\Datasets\LTDv2\frames\frames\20210413\clip_22_0942\image_0049.jpg,6,-5.2018123,5.6989646
20210413,C:\junha\Datasets\LTDv2\frames\frames\20210413\clip_22_0942\image_0050.jpg,6,-1.6900364,6.50708
20210413,C:\junha\Datasets\LTDv2\frames\frames\20210413\clip_22_0942\image_0051.jpg,6,-1.8051342,6.4180264
20210413,C:\junha\Datasets\LTDv2\frames\frames\20210413\clip_22_0942\image_0052.jpg,6,-5.778442,5.496634
20210413,C:\junha\Datasets\LTDv2\frames\frames\20210413\clip_22_0942\image_0053.jpg,6,-5.5303683,5.3577237
20210413,C:\junha\Datasets\LTDv2\frames\frames\20210413\clip_22_0942\image_0054.jpg,6,-5.357754,4.975633
20210413,C:\junha\Datasets\LTDv2\frames\frames\20210413\clip_22_0942\image_0055.jpg,6,-5.4730787,5.095964
20210413,C:\junha\Datasets\LTDv2\frames\frames\20210413\clip_22_0942\image_0056.jpg,6,-7.0330887,6.8515315
20210413,C:\junha\Datasets\LTDv2\frames\frames\20210413\clip_22_0942\image_0057.jpg,6,-7.2545114,6.7227254
20210413,C:\junha\Datasets\LTDv2\frames\frames\20210413\clip_22_0942\image_0058.jpg,6,-6.8736815,7.0007935
20210413,C:\junha\Datasets\LTDv2\frames\frames\20210413\clip_22_0942\image_0059.jpg,6,-6.8012924,5.2452135
20210413,C:\junha\Datasets\LTDv2\frames\frames\20210413\clip_22_0942\image_0060.jpg,6,-6.1904793,5.6621523
20210413,C:\junha\Datasets\LTDv2\frames\frames\20210413\clip_22_0942\image_0061.jpg,6,-7.233845,5.6136723
20210413,C:\junha\Datasets\LTDv2\frames\frames\20210413\clip_22_0942\image_0062.jpg,6,-6.2839518,6.6202073
20210413,C:\junha\Datasets\LTDv2\frames\frames\20210413\clip_22_0942\image_0063.jpg,6,-6.292565,6.477865
20210413,C:\junha\Datasets\LTDv2\frames\frames\20210413\clip_22_0942\image_0064.jpg,6,-7.4141846,6.270795
20210413,C:\junha\Datasets\LTDv2\frames\frames\20210413\clip_22_0942\image_0065.jpg,6,-7.4103518,6.151408
20210413,C:\junha\Datasets\LTDv2\frames\frames\20210413\clip_22_0942\image_0066.jpg,6,-7.812184,6.802411
20210413,C:\junha\Datasets\LTDv2\frames\frames\20210413\clip_22_0942\image_0067.jpg,6,-7.713554,6.808007
20210413,C:\junha\Datasets\LTDv2\frames\frames\20210413\clip_22_0942\image_0068.jpg,6,-5.3275137,6.4366436
20210413,C:\junha\Datasets\LTDv2\frames\frames\20210413\clip_22_0942\image_0069.jpg,6,-8.091893,6.387706
20210413,C:\junha\Datasets\LTDv2\frames\frames\20210413\clip_22_0942\image_0070.jpg,6,-3.9319127,7.0992236
20210413,C:\junha\Datasets\LTDv2\frames\frames\20210413\clip_22_0942\image_0071.jpg,6,-3.8872802,7.1569743
20210413,C:\junha\Datasets\LTDv2\frames\frames\20210413\clip_22_0942\image_0072.jpg,6,-0.69261616,7.156491
20210413,C:\junha\Datasets\LTDv2\frames\frames\20210413\clip_22_0942\image_0073.jpg,6,0.22399968,8.293662
20210413,C:\junha\Datasets\LTDv2\frames\frames\20210413\clip_22_0942\image_0074.jpg,6,0.28928488,8.684963
20210413,C:\junha\Datasets\LTDv2\frames\frames\20210413\clip_22_0942\image_0075.jpg,6,0.45643806,8.795842
20210413,C:\junha\Datasets\LTDv2\frames\frames\20210413\clip_22_0942\image_0076.jpg,6,0.4673632,8.883772
20210413,C:\junha\Datasets\LTDv2\frames\frames\20210413\clip_22_0942\image_0077.jpg,6,0.50823843,9.146908
20210413,C:\junha\Datasets\LTDv2\frames\frames\20210413\clip_22_0942\image_0078.jpg,6,-6.735872,10.835085
20210413,C:\junha\Datasets\LTDv2\frames\frames\20210413\clip_22_0942\image_0079.jpg,6,-6.947786,10.763348
20210413,C:\junha\Datasets\LTDv2\frames\frames\20210413\clip_22_0942\image_0080.jpg,6,-7.5091453,10.359575
20210413,C:\junha\Datasets\LTDv2\frames\frames\20210413\clip_22_0942\image_0081.jpg,2,-7.8429008,10.071677
20210413,C:\junha\Datasets\LTDv2\frames\frames\20210413\clip_22_0942\image_0082.jpg,6,-7.679461,9.896939
20210413,C:\junha\Datasets\LTDv2\frames\frames\20210413\clip_22_0942\image_0083.jpg,6,-7.473614,9.828308
20210413,C:\junha\Datasets\LTDv2\frames\frames\20210413\clip_22_0942\image_0084.jpg,6,-4.4665866,10.9284725
20210413,C:\junha\Datasets\LTDv2\frames\frames\20210413\clip_22_0942\image_0085.jpg,6,-4.5723186,11.185872
20210413,C:\junha\Datasets\LTDv2\frames\frames\20210413\clip_22_0942\image_0086.jpg,6,-4.0002904,11.039123
20210413,C:\junha\Datasets\LTDv2\frames\frames\20210413\clip_22_0942\image_0087.jpg,6,-4.0313873,10.893498
20210413,C:\junha\Datasets\LTDv2\frames\frames\20210413\clip_22_0942\image_0088.jpg,6,-3.9402623,8.9918
20210413,C:\junha\Datasets\LTDv2\frames\frames\20210413\clip_22_0942\image_0089.jpg,6,-2.716748,9.292811
20210413,C:\junha\Datasets\LTDv2\frames\frames\20210413\clip_22_0942\image_0090.jpg,6,-1.0552181,9.219743
20210413,C:\junha\Datasets\LTDv2\frames\frames\20210413\clip_22_0942\image_0091.jpg,6,-2.490954,9.294014
20210413,C:\junha\Datasets\LTDv2\frames\frames\20210413\clip_22_0942\image_0092.jpg,6,-3.0175812,9.082397
20210413,C:\junha\Datasets\LTDv2\frames\frames\20210413\clip_22_0942\image_0093.jpg,6,-3.3634346,8.926363
20210413,C:\junha\Datasets\LTDv2\frames\frames\20210413\clip_22_0942\image_0094.jpg,6,-5.166387,8.492089
20210413,C:\junha\Datasets\LTDv2\frames\frames\20210413\clip_22_0942\image_0095.jpg,6,-5.9658384,8.287209
20210413,C:\junha\Datasets\LTDv2\frames\frames\20210413\clip_22_0942\image_0096.jpg,6,-5.6206717,8.256836
20210413,C:\junha\Datasets\LTDv2\frames\frames\20210413\clip_22_0942\image_0097.jpg,6,-5.5570016,8.3378525
20210413,C:\junha\Datasets\LTDv2\frames\frames\20210413\clip_22_0942\image_0098.jpg,6,-3.0267334,8.705063
20210413,C:\junha\Datasets\LTDv2\frames\frames\20210413\clip_22_0942\image_0099.jpg,6,-1.3425765,9.210369
20210413,C:\junha\Datasets\LTDv2\frames\frames\20210413\clip_22_0942\image_0100.jpg,6,-3.2783556,10.0508995
20210413,C:\junha\Datasets\LTDv2\frames\frames\20210413\clip_22_0942\image_0101.jpg,6,-3.5722504,10.152395
20210413,C:\junha\Datasets\LTDv2\frames\frames\20210413\clip_22_0942\image_0102.jpg,6,-3.6317139,9.929331
20210413,C:\junha\Datasets\LTDv2\frames\frames\20210413\clip_22_0942\image_0103.jpg,6,-3.3096669,10.058353
20210413,C:\junha\Datasets\LTDv2\frames\frames\20210413\clip_22_0942\image_0104.jpg,6,-4.0043316,9.998783
20210413,C:\junha\Datasets\LTDv2\frames\frames\20210413\clip_22_0942\image_0105.jpg,6,-4.6610136,9.84497
20210413,C:\junha\Datasets\LTDv2\frames\frames\20210413\clip_22_0942\image_0106.jpg,6,-6.4821205,8.877745
20210413,C:\junha\Datasets\LTDv2\frames\frames\20210413\clip_22_0942\image_0107.jpg,6,-6.388035,8.861034
20210413,C:\junha\Datasets\LTDv2\frames\frames\20210413\clip_22_0942\image_0108.jpg,6,-3.1382773,10.261468
20210413,C:\junha\Datasets\LTDv2\frames\frames\20210413\clip_22_0942\image_0109.jpg,6,-2.7000353,10.554526
20210413,C:\junha\Datasets\LTDv2\frames\frames\20210413\clip_22_0942\image_0110.jpg,6,-2.124314,10.280713
20210413,C:\junha\Datasets\LTDv2\frames\frames\20210413\clip_22_0942\image_0111.jpg,6,-1.8579822,10.3339
20210413,C:\junha\Datasets\LTDv2\frames\frames\20210413\clip_22_0942\image_0112.jpg,6,-0.32676572,9.773136
20210413,C:\junha\Datasets\LTDv2\frames\frames\20210413\clip_22_0942\image_0113.jpg,6,-0.64278185,9.929319
20210413,C:\junha\Datasets\LTDv2\frames\frames\20210413\clip_22_0942\image_0114.jpg,6,-0.15599403,10.038245
20210413,C:\junha\Datasets\LTDv2\frames\frames\20210413\clip_22_0942\image_0115.jpg,6,-0.11483154,9.916216
20210413,C:\junha\Datasets\LTDv2\frames\frames\20210413\clip_22_0942\image_0116.jpg,8,0.5246753,9.822378
20210413,C:\junha\Datasets\LTDv2\frames\frames\20210413\clip_22_0942\image_0117.jpg,8,0.52334905,9.771345
20210413,C:\junha\Datasets\LTDv2\frames\frames\20210413\clip_22_0942\image_0118.jpg,6,-0.69678754,9.387532
20210413,C:\junha\Datasets\LTDv2\frames\frames\20210413\clip_22_0942\image_0119.jpg,6,0.35975838,10.029234
20210413,C:\junha\Datasets\LTDv2\frames\frames\20210413\clip_23_1010\image_0000.jpg,6,-57.64305,36.400402
20210413,C:\junha\Datasets\LTDv2\frames\frames\20210413\clip_23_1010\image_0001.jpg,6,-57.018936,36.463627
20210413,C:\junha\Datasets\LTDv2\frames\frames\20210413\clip_23_1010\image_0002.jpg,6,-56.767204,36.356354
20210413,C:\junha\Datasets\LTDv2\frames\frames\20210413\clip_23_1010\image_0003.jpg,6,-56.101665,37.4274
20210413,C:\junha\Datasets\LTDv2\frames\frames\20210413\clip_23_1010\image_0004.jpg,6,-56.210316,37.623055
20210413,C:\junha\Datasets\LTDv2\frames\frames\20210413\clip_23_1010\image_0005.jpg,6,-56.55747,36.32444
20210413,C:\junha\Datasets\LTDv2\frames\frames\20210413\clip_23_1010\image_0006.jpg,6,-53.767845,35.322117
20210413,C:\junha\Datasets\LTDv2\frames\frames\20210413\clip_23_1010\image_0007.jpg,6,-55.67749,36.857273
20210413,C:\junha\Datasets\LTDv2\frames\frames\20210413\clip_23_1010\image_0008.jpg,6,-54.87887,36.622337
20210413,C:\junha\Datasets\LTDv2\frames\frames\20210413\clip_23_1010\image_0009.jpg,2,-57.569542,35.527843
20210413,C:\junha\Datasets\LTDv2\frames\frames\20210413\clip_23_1010\image_0010.jpg,6,-56.894405,35.633465
20210413,C:\junha\Datasets\LTDv2\frames\frames\20210413\clip_23_1010\image_0011.jpg,6,-57.26106,37.06401
20210413,C:\junha\Datasets\LTDv2\frames\frames\20210413\clip_23_1010\image_0012.jpg,2,-59.630665,39.922966
20210413,C:\junha\Datasets\LTDv2\frames\frames\20210413\clip_23_1010\image_0013.jpg,6,-57.049248,37.52098
20210413,C:\junha\Datasets\LTDv2\frames\frames\20210413\clip_23_1010\image_0014.jpg,2,-59.93085,39.67838
20210413,C:\junha\Datasets\LTDv2\frames\frames\20210413\clip_23_1010\image_0015.jpg,6,-55.397274,37.066147
20210413,C:\junha\Datasets\LTDv2\frames\frames\20210413\clip_23_1010\image_0016.jpg,2,-60.246033,38.834335
20210413,C:\junha\Datasets\LTDv2\frames\frames\20210413\clip_23_1010\image_0017.jpg,2,-61.765644,39.190857
20210413,C:\junha\Datasets\LTDv2\frames\frames\20210413\clip_23_1010\image_0018.jpg,2,-61.73741,39.278133
20210413,C:\junha\Datasets\LTDv2\frames\frames\20210413\clip_23_1010\image_0019.jpg,2,-61.82505,39.75067
20210413,C:\junha\Datasets\LTDv2\frames\frames\20210413\clip_23_1010\image_0020.jpg,6,-59.797756,37.493923
20210413,C:\junha\Datasets\LTDv2\frames\frames\20210413\clip_23_1010\image_0021.jpg,2,-62.380554,39.86061
20210413,C:\junha\Datasets\LTDv2\frames\frames\20210413\clip_23_1010\image_0022.jpg,2,-61.983517,39.745792
20210413,C:\junha\Datasets\LTDv2\frames\frames\20210413\clip_23_1010\image_0023.jpg,2,-61.235676,39.54192
20210413,C:\junha\Datasets\LTDv2\frames\frames\20210413\clip_23_1010\image_0024.jpg,2,-60.883606,39.583477
20210413,C:\junha\Datasets\LTDv2\frames\frames\20210413\clip_23_1010\image_0025.jpg,2,-60.78028,39.50033
20210413,C:\junha\Datasets\LTDv2\frames\frames\20210413\clip_23_1010\image_0026.jpg,2,-61.738865,39.720253
20210413,C:\junha\Datasets\LTDv2\frames\frames\20210413\clip_23_1010\image_0027.jpg,2,-60.578323,39.350933
20210413,C:\junha\Datasets\LTDv2\frames\frames\20210413\clip_23_1010\image_0028.jpg,6,-56.18144,37.079082
20210413,C:\junha\Datasets\LTDv2\frames\frames\20210413\clip_23_1010\image_0029.jpg,2,-61.049046,38.9542
20210413,C:\junha\Datasets\LTDv2\frames\frames\20210413\clip_23_1010\image_0030.jpg,6,-60.073494,38.87859
20210413,C:\junha\Datasets\LTDv2\frames\frames\20210413\clip_23_1010\image_0031.jpg,6,-59.438705,38.295086
20210413,C:\junha\Datasets\LTDv2\frames\frames\20210413\clip_23_1010\image_0032.jpg,6,-53.148235,36.52054
20210413,C:\junha\Datasets\LTDv2\frames\frames\20210413\clip_23_1010\image_0033.jpg,6,-52.46133,36.845577
20210413,C:\junha\Datasets\LTDv2\frames\frames\20210413\clip_23_1010\image_0034.jpg,6,-55.211864,35.572502
20210413,C:\junha\Datasets\LTDv2\frames\frames\20210413\clip_23_1010\image_0035.jpg,6,-52.812813,36.42376
20210413,C:\junha\Datasets\LTDv2\frames\frames\20210413\clip_23_1010\image_0036.jpg,6,-52.72765,36.59368
20210413,C:\junha\Datasets\LTDv2\frames\frames\20210413\clip_23_1010\image_0037.jpg,6,-52.120724,37.112377
20210413,C:\junha\Datasets\LTDv2\frames\frames\20210413\clip_23_1010\image_0038.jpg,6,-54.789978,37.8745
20210413,C:\junha\Datasets\LTDv2\frames\frames\20210413\clip_23_1010\image_0039.jpg,6,-56.169697,41.363155
20210413,C:\junha\Datasets\LTDv2\frames\frames\20210413\clip_23_1010\image_0040.jpg,6,-55.947014,41.272602
20210413,C:\junha\Datasets\LTDv2\frames\frames\20210413\clip_23_1010\image_0041.jpg,6,-57.919327,38.708363
20210413,C:\junha\Datasets\LTDv2\frames\frames\20210413\clip_23_1010\image_0042.jpg,6,-57.931114,38.74892
20210413,C:\junha\Datasets\LTDv2\frames\frames\20210413\clip_23_1010\image_0043.jpg,6,-57.623913,39.43991
20210413,C:\junha\Datasets\LTDv2\frames\frames\20210413\clip_23_1010\image_0044.jpg,6,-57.266838,39.20458
20210413,C:\junha\Datasets\LTDv2\frames\frames\20210413\clip_23_1010\image_0045.jpg,6,-57.166008,38.67414
20210413,C:\junha\Datasets\LTDv2\frames\frames\20210413\clip_23_1010\image_0046.jpg,6,-57.008476,39.23232
20210413,C:\junha\Datasets\LTDv2\frames\frames\20210413\clip_23_1010\image_0047.jpg,6,-57.644264,39.361828
20210413,C:\junha\Datasets\LTDv2\frames\frames\20210413\clip_23_1010\image_0048.jpg,6,-57.41534,39.02522
20210413,C:\junha\Datasets\LTDv2\frames\frames\20210413\clip_23_1010\image_0049.jpg,6,-57.616325,40.26123
20210413,C:\junha\Datasets\LTDv2\frames\frames\20210413\clip_23_1010\image_0050.jpg,6,-56.877613,39.8961
20210413,C:\junha\Datasets\LTDv2\frames\frames\20210413\clip_23_1010\image_0051.jpg,6,-55.485878,39.39494
20210413,C:\junha\Datasets\LTDv2\frames\frames\20210413\clip_23_1010\image_0052.jpg,6,-55.30713,38.94672
20210413,C:\junha\Datasets\LTDv2\frames\frames\20210413\clip_23_1010\image_0053.jpg,6,-56.17566,38.75252
20210413,C:\junha\Datasets\LTDv2\frames\frames\20210413\clip_23_1010\image_0054.jpg,6,-56.38884,38.835262
20210413,C:\junha\Datasets\LTDv2\frames\frames\20210413\clip_23_1010\image_0055.jpg,6,-59.406944,38.60213
20210413,C:\junha\Datasets\LTDv2\frames\frames\20210413\clip_23_1010\image_0056.jpg,6,-58.14903,37.294296
20210413,C:\junha\Datasets\LTDv2\frames\frames\20210413\clip_23_1010\image_0057.jpg,6,-57.72177,37.232674
20210413,C:\junha\Datasets\LTDv2\frames\frames\20210413\clip_23_1010\image_0058.jpg,6,-57.589573,37.3246
20210413,C:\junha\Datasets\LTDv2\frames\frames\20210413\clip_23_1010\image_0059.jpg,6,-58.484512,36.310314
20210413,C:\junha\Datasets\LTDv2\frames\frames\20210413\clip_23_1010\image_0060.jpg,6,-58.395466,36.35276
20210413,C:\junha\Datasets\LTDv2\frames\frames\20210413\clip_23_1010\image_0061.jpg,6,-59.193233,36.83666
20210413,C:\junha\Datasets\LTDv2\frames\frames\20210413\clip_23_1010\image_0062.jpg,6,-58.944103,36.42937
20210413,C:\junha\Datasets\LTDv2\frames\frames\20210413\clip_23_1010\image_0063.jpg,6,-54.032238,33.120003
20210413,C:\junha\Datasets\LTDv2\frames\frames\20210413\clip_23_1010\image_0064.jpg,6,-54.031673,33.093155
20210413,C:\junha\Datasets\LTDv2\frames\frames\20210413\clip_23_1010\image_0065.jpg,6,-58.842487,39.57032
20210413,C:\junha\Datasets\LTDv2\frames\frames\20210413\clip_23_1010\image_0066.jpg,2,-58.850403,39.823112
20210413,C:\junha\Datasets\LTDv2\frames\frames\20210413\clip_23_1010\image_0067.jpg,6,-51.70705,37.986664
20210413,C:\junha\Datasets\LTDv2\frames\frames\20210413\clip_23_1010\image_0068.jpg,6,-52.087006,38.999027
20210413,C:\junha\Datasets\LTDv2\frames\frames\20210413\clip_23_1010\image_0069.jpg,2,-57.85103,40.490246
20210413,C:\junha\Datasets\LTDv2\frames\frames\20210413\clip_23_1010\image_0070.jpg,6,-55.23658,40.57711
20210413,C:\junha\Datasets\LTDv2\frames\frames\20210413\clip_23_1010\image_0071.jpg,6,-52.637993,37.989536
20210413,C:\junha\Datasets\LTDv2\frames\frames\20210413\clip_23_1010\image_0072.jpg,6,-53.220722,38.00009
20210413,C:\junha\Datasets\LTDv2\frames\frames\20210413\clip_23_1010\image_0073.jpg,6,-56.14268,39.930233
20210413,C:\junha\Datasets\LTDv2\frames\frames\20210413\clip_23_1010\image_0074.jpg,6,-56.262085,39.918594
20210413,C:\junha\Datasets\LTDv2\frames\frames\20210413\clip_23_1010\image_0075.jpg,6,-55.55641,40.523487
20210413,C:\junha\Datasets\LTDv2\frames\frames\20210413\clip_23_1010\image_0076.jpg,6,-53.413334,40.106903
20210413,C:\junha\Datasets\LTDv2\frames\frames\20210413\clip_23_1010\image_0077.jpg,6,-53.230293,40.918568
20210413,C:\junha\Datasets\LTDv2\frames\frames\20210413\clip_23_1010\image_0078.jpg,6,-53.206215,40.810596
20210413,C:\junha\Datasets\LTDv2\frames\frames\20210413\clip_23_1010\image_0079.jpg,6,-53.359802,39.756092
20210413,C:\junha\Datasets\LTDv2\frames\frames\20210413\clip_23_1010\image_0080.jpg,6,-52.311073,39.60843
20210413,C:\junha\Datasets\LTDv2\frames\frames\20210413\clip_23_1010\image_0081.jpg,6,-53.025032,39.64473
20210413,C:\junha\Datasets\LTDv2\frames\frames\20210413\clip_23_1010\image_0082.jpg,6,-52.625233,39.116676
20210413,C:\junha\Datasets\LTDv2\frames\frames\20210413\clip_23_1010\image_0083.jpg,6,-52.44706,39.295845
20210413,C:\junha\Datasets\LTDv2\frames\frames\20210413\clip_23_1010\image_0084.jpg,6,-51.981853,40.084766
20210413,C:\junha\Datasets\LTDv2\frames\frames\20210413\clip_23_1010\image_0085.jpg,6,-51.52707,37.64685
20210413,C:\junha\Datasets\LTDv2\frames\frames\20210413\clip_23_1010\image_0086.jpg,6,-51.626335,37.489147
20210413,C:\junha\Datasets\LTDv2\frames\frames\20210413\clip_23_1010\image_0087.jpg,6,-51.915127,39.043507
20210413,C:\junha\Datasets\LTDv2\frames\frames\20210413\clip_23_1010\image_0088.jpg,6,-51.04158,38.79061
20210413,C:\junha\Datasets\LTDv2\frames\frames\20210413\clip_23_1010\image_0089.jpg,6,-52.962387,39.93822
20210413,C:\junha\Datasets\LTDv2\frames\frames\20210413\clip_23_1010\image_0090.jpg,6,-52.82952,40.124523
20210413,C:\junha\Datasets\LTDv2\frames\frames\20210413\clip_23_1010\image_0091.jpg,6,-52.271076,40.03293
20210413,C:\junha\Datasets\LTDv2\frames\frames\20210413\clip_23_1010\image_0092.jpg,6,-52.046776,39.949173
20210413,C:\junha\Datasets\LTDv2\frames\frames\20210413\clip_23_1010\image_0093.jpg,6,-50.443375,36.588146
20210413,C:\junha\Datasets\LTDv2\frames\frames\20210413\clip_23_1010\image_0094.jpg,6,-54.158234,36.706715
20210413,C:\junha\Datasets\LTDv2\frames\frames\20210413\clip_23_1010\image_0095.jpg,6,-54.014,36.254814
20210413,C:\junha\Datasets\LTDv2\frames\frames\20210413\clip_23_1010\image_0096.jpg,6,-54.415756,36.161354
20210413,C:\junha\Datasets\LTDv2\frames\frames\20210413\clip_23_1010\image_0097.jpg,6,-54.339832,35.92237
20210413,C:\junha\Datasets\LTDv2\frames\frames\20210413\clip_23_1010\image_0098.jpg,6,-53.999496,35.838264
20210413,C:\junha\Datasets\LTDv2\frames\frames\20210413\clip_23_1010\image_0099.jpg,6,-56.37012,34.033302
20210413,C:\junha\Datasets\LTDv2\frames\frames\20210413\clip_23_1010\image_0100.jpg,6,-56.317738,34.140686
20210413,C:\junha\Datasets\LTDv2\frames\frames\20210413\clip_23_1010\image_0101.jpg,6,-56.247036,34.508278
20210413,C:\junha\Datasets\LTDv2\frames\frames\20210413\clip_23_1010\image_0102.jpg,6,-56.019466,34.47694
20210413,C:\junha\Datasets\LTDv2\frames\frames\20210413\clip_23_1010\image_0103.jpg,6,-59.2331,37.272602
20210413,C:\junha\Datasets\LTDv2\frames\frames\20210413\clip_23_1010\image_0104.jpg,6,-59.186684,37.34881
20210413,C:\junha\Datasets\LTDv2\frames\frames\20210413\clip_23_1010\image_0105.jpg,6,-58.249756,35.143303
20210413,C:\junha\Datasets\LTDv2\frames\frames\20210413\clip_23_1010\image_0106.jpg,6,-58.21453,35.191998
20210413,C:\junha\Datasets\LTDv2\frames\frames\20210413\clip_23_1010\image_0107.jpg,6,-53.123734,34.46619
20210413,C:\junha\Datasets\LTDv2\frames\frames\20210413\clip_23_1010\image_0108.jpg,6,-53.826168,34.738434
20210413,C:\junha\Datasets\LTDv2\frames\frames\20210413\clip_23_1010\image_0109.jpg,6,-52.89038,34.6427
20210413,C:\junha\Datasets\LTDv2\frames\frames\20210413\clip_23_1010\image_0110.jpg,6,-53.199566,34.37175
20210413,C:\junha\Datasets\LTDv2\frames\frames\20210413\clip_23_1010\image_0111.jpg,6,-52.766552,35.16818
20210413,C:\junha\Datasets\LTDv2\frames\frames\20210413\clip_23_1010\image_0112.jpg,6,-52.420933,35.48549
20210413,C:\junha\Datasets\LTDv2\frames\frames\20210413\clip_23_1010\image_0113.jpg,6,-52.50632,35.35544
20210413,C:\junha\Datasets\LTDv2\frames\frames\20210413\clip_23_1010\image_0114.jpg,6,-51.541843,35.842987
20210413,C:\junha\Datasets\LTDv2\frames\frames\20210413\clip_23_1010\image_0115.jpg,6,-52.13192,35.720333
20210413,C:\junha\Datasets\LTDv2\frames\frames\20210413\clip_23_1010\image_0116.jpg,6,-51.944084,35.967777
20210413,C:\junha\Datasets\LTDv2\frames\frames\20210413\clip_23_1010\image_0117.jpg,6,-51.560684,36.710636
20210413,C:\junha\Datasets\LTDv2\frames\frames\20210413\clip_23_1010\image_0118.jpg,6,-51.590008,36.746975
20210413,C:\junha\Datasets\LTDv2\frames\frames\20210413\clip_23_1010\image_0119.jpg,6,-50.582928,37.093258
20210413,C:\junha\Datasets\LTDv2\frames\frames\20210413\clip_24_1038\image_0000.jpg,2,-86.90207,-17.203728
20210413,C:\junha\Datasets\LTDv2\frames\frames\20210413\clip_24_1038\image_0001.jpg,2,-85.10431,-17.22869
20210413,C:\junha\Datasets\LTDv2\frames\frames\20210413\clip_24_1038\image_0002.jpg,2,-85.59147,-16.590836
20210413,C:\junha\Datasets\LTDv2\frames\frames\20210413\clip_24_1038\image_0003.jpg,2,-85.82655,-16.745724
20210413,C:\junha\Datasets\LTDv2\frames\frames\20210413\clip_24_1038\image_0004.jpg,2,-84.43867,-15.474384
20210413,C:\junha\Datasets\LTDv2\frames\frames\20210413\clip_24_1038\image_0005.jpg,2,-87.063065,-14.807462
20210413,C:\junha\Datasets\LTDv2\frames\frames\20210413\clip_24_1038\image_0006.jpg,2,-88.3589,-14.054934
20210413,C:\junha\Datasets\LTDv2\frames\frames\20210413\clip_24_1038\image_0007.jpg,2,-87.62336,-14.363215
20210413,C:\junha\Datasets\LTDv2\frames\frames\20210413\clip_24_1038\image_0008.jpg,2,-86.78494,-14.883028
20210413,C:\junha\Datasets\LTDv2\frames\frames\20210413\clip_24_1038\image_0009.jpg,2,-87.1295,-15.753175
20210413,C:\junha\Datasets\LTDv2\frames\frames\20210413\clip_24_1038\image_0010.jpg,2,-86.73325,-16.042576
20210413,C:\junha\Datasets\LTDv2\frames\frames\20210413\clip_24_1038\image_0011.jpg,2,-81.82555,-18.008266
20210413,C:\junha\Datasets\LTDv2\frames\frames\20210413\clip_24_1038\image_0012.jpg,2,-81.99625,-17.972975
20210413,C:\junha\Datasets\LTDv2\frames\frames\20210413\clip_24_1038\image_0013.jpg,2,-85.28144,-16.80293
20210413,C:\junha\Datasets\LTDv2\frames\frames\20210413\clip_24_1038\image_0014.jpg,2,-84.93376,-16.767563
20210413,C:\junha\Datasets\LTDv2\frames\frames\20210413\clip_24_1038\image_0015.jpg,2,-82.46651,-17.260967
20210413,C:\junha\Datasets\LTDv2\frames\frames\20210413\clip_24_1038\image_0016.jpg,2,-82.29432,-17.30791
20210413,C:\junha\Datasets\LTDv2\frames\frames\20210413\clip_24_1038\image_0017.jpg,2,-86.45645,-15.190043
20210413,C:\junha\Datasets\LTDv2\frames\frames\20210413\clip_24_1038\image_0018.jpg,2,-84.94077,-15.438813
20210413,C:\junha\Datasets\LTDv2\frames\frames\20210413\clip_24_1038\image_0019.jpg,2,-88.34277,-15.5688
20210413,C:\junha\Datasets\LTDv2\frames\frames\20210413\clip_24_1038\image_0020.jpg,2,-88.12012,-13.905344
20210413,C:\junha\Datasets\LTDv2\frames\frames\20210413\clip_24_1038\image_0021.jpg,2,-88.12232,-13.683899
20210413,C:\junha\Datasets\LTDv2\frames\frames\20210413\clip_24_1038\image_0022.jpg,2,-87.020996,-14.688027
20210413,C:\junha\Datasets\LTDv2\frames\frames\20210413\clip_24_1038\image_0023.jpg,2,-84.21376,-15.185098
20210413,C:\junha\Datasets\LTDv2\frames\frames\20210413\clip_24_1038\image_0024.jpg,2,-84.21885,-15.181358
20210413,C:\junha\Datasets\LTDv2\frames\frames\20210413\clip_24_1038\image_0025.jpg,2,-82.85863,-18.019796
20210413,C:\junha\Datasets\LTDv2\frames\frames\20210413\clip_24_1038\image_0026.jpg,2,-79.06136,-17.510971
20210413,C:\junha\Datasets\LTDv2\frames\frames\20210413\clip_24_1038\image_0027.jpg,2,-87.03146,-14.346392
20210413,C:\junha\Datasets\LTDv2\frames\frames\20210413\clip_24_1038\image_0028.jpg,2,-86.11718,-14.98546
20210413,C:\junha\Datasets\LTDv2\frames\frames\20210413\clip_24_1038\image_0029.jpg,2,-86.46578,-16.899961
20210413,C:\junha\Datasets\LTDv2\frames\frames\20210413\clip_24_1038\image_0030.jpg,2,-85.759415,-17.250614
20210413,C:\junha\Datasets\LTDv2\frames\frames\20210413\clip_24_1038\image_0031.jpg,2,-85.44168,-17.863098
20210413,C:\junha\Datasets\LTDv2\frames\frames\20210413\clip_24_1038\image_0032.jpg,2,-85.51224,-17.721378
20210413,C:\junha\Datasets\LTDv2\frames\frames\20210413\clip_24_1038\image_0033.jpg,2,-85.1262,-18.778513
20210413,C:\junha\Datasets\LTDv2\frames\frames\20210413\clip_24_1038\image_0034.jpg,2,-84.95442,-18.707077
20210413,C:\junha\Datasets\LTDv2\frames\frames\20210413\clip_24_1038\image_0035.jpg,2,-87.78071,-14.752182
20210413,C:\junha\Datasets\LTDv2\frames\frames\20210413\clip_24_1038\image_0036.jpg,2,-88.39207,-14.390847
20210413,C:\junha\Datasets\LTDv2\frames\frames\20210413\clip_24_1038\image_0037.jpg,2,-87.96609,-12.693764
20210413,C:\junha\Datasets\LTDv2\frames\frames\20210413\clip_24_1038\image_0038.jpg,2,-84.53676,-14.134096
20210413,C:\junha\Datasets\LTDv2\frames\frames\20210413\clip_24_1038\image_0039.jpg,2,-87.46226,-12.014757
20210413,C:\junha\Datasets\LTDv2\frames\frames\20210413\clip_24_1038\image_0040.jpg,2,-86.8967,-11.615395
20210413,C:\junha\Datasets\LTDv2\frames\frames\20210413\clip_24_1038\image_0041.jpg,2,-84.57175,-14.083683
20210413,C:\junha\Datasets\LTDv2\frames\frames\20210413\clip_24_1038\image_0042.jpg,2,-78.63711,-14.305387
20210413,C:\junha\Datasets\LTDv2\frames\frames\20210413\clip_24_1038\image_0043.jpg,2,-78.56013,-14.412316
20210413,C:\junha\Datasets\LTDv2\frames\frames\20210413\clip_24_1038\image_0044.jpg,2,-77.88275,-16.25905
20210413,C:\junha\Datasets\LTDv2\frames\frames\20210413\clip_24_1038\image_0045.jpg,2,-82.90287,-12.148453
20210413,C:\junha\Datasets\LTDv2\frames\frames\20210413\clip_24_1038\image_0046.jpg,2,-78.655594,-15.75832
20210413,C:\junha\Datasets\LTDv2\frames\frames\20210413\clip_24_1038\image_0047.jpg,2,-83.95101,-17.135857
20210413,C:\junha\Datasets\LTDv2\frames\frames\20210413\clip_24_1038\image_0048.jpg,2,-84.1017,-16.779436
20210413,C:\junha\Datasets\LTDv2\frames\frames\20210413\clip_24_1038\image_0049.jpg,2,-87.22125,-16.423952
20210413,C:\junha\Datasets\LTDv2\frames\frames\20210413\clip_24_1038\image_0050.jpg,2,-87.187065,-15.930092
20210413,C:\junha\Datasets\LTDv2\frames\frames\20210413\clip_24_1038\image_0051.jpg,2,-86.96411,-15.600147
20210413,C:\junha\Datasets\LTDv2\frames\frames\20210413\clip_24_1038\image_0052.jpg,2,-86.77205,-13.374028
20210413,C:\junha\Datasets\LTDv2\frames\frames\20210413\clip_24_1038\image_0053.jpg,2,-86.89085,-13.247662
20210413,C:\junha\Datasets\LTDv2\frames\frames\20210413\clip_24_1038\image_0054.jpg,2,-86.68268,-13.066163
20210413,C:\junha\Datasets\LTDv2\frames\frames\20210413\clip_24_1038\image_0055.jpg,2,-81.50989,-13.947428
20210413,C:\junha\Datasets\LTDv2\frames\frames\20210413\clip_24_1038\image_0056.jpg,2,-80.169945,-17.290857
20210413,C:\junha\Datasets\LTDv2\frames\frames\20210413\clip_24_1038\image_0057.jpg,2,-82.22306,-13.751158
20210413,C:\junha\Datasets\LTDv2\frames\frames\20210413\clip_24_1038\image_0058.jpg,2,-81.90891,-13.949612
20210413,C:\junha\Datasets\LTDv2\frames\frames\20210413\clip_24_1038\image_0059.jpg,2,-82.84628,-12.7661085
20210413,C:\junha\Datasets\LTDv2\frames\frames\20210413\clip_24_1038\image_0060.jpg,2,-82.85058,-12.700307
20210413,C:\junha\Datasets\LTDv2\frames\frames\20210413\clip_24_1038\image_0061.jpg,2,-85.81029,-14.024526
20210413,C:\junha\Datasets\LTDv2\frames\frames\20210413\clip_24_1038\image_0062.jpg,2,-83.31262,-13.961248
20210413,C:\junha\Datasets\LTDv2\frames\frames\20210413\clip_24_1038\image_0063.jpg,2,-79.8363,-15.875364
20210413,C:\junha\Datasets\LTDv2\frames\frames\20210413\clip_24_1038\image_0064.jpg,2,-79.47476,-16.55675
20210413,C:\junha\Datasets\LTDv2\frames\frames\20210413\clip_24_1038\image_0065.jpg,2,-83.18053,-17.202047
20210413,C:\junha\Datasets\LTDv2\frames\frames\20210413\clip_24_1038\image_0066.jpg,2,-79.543816,-16.855406
20210413,C:\junha\Datasets\LTDv2\frames\frames\20210413\clip_24_1038\image_0067.jpg,2,-83.9504,-15.529977
20210413,C:\junha\Datasets\LTDv2\frames\frames\20210413\clip_24_1038\image_0068.jpg,3,-78.87686,-17.418526
20210413,C:\junha\Datasets\LTDv2\frames\frames\20210413\clip_24_1038\image_0069.jpg,2,-79.75341,-18.077248
20210413,C:\junha\Datasets\LTDv2\frames\frames\20210413\clip_24_1038\image_0070.jpg,2,-79.60605,-18.038155
20210413,C:\junha\Datasets\LTDv2\frames\frames\20210413\clip_24_1038\image_0071.jpg,2,-85.56847,-14.394231
20210413,C:\junha\Datasets\LTDv2\frames\frames\20210413\clip_24_1038\image_0072.jpg,2,-81.58977,-14.635318
20210413,C:\junha\Datasets\LTDv2\frames\frames\20210413\clip_24_1038\image_0073.jpg,2,-83.687256,-14.465283
20210413,C:\junha\Datasets\LTDv2\frames\frames\20210413\clip_24_1038\image_0074.jpg,2,-82.06721,-14.310621
20210413,C:\junha\Datasets\LTDv2\frames\frames\20210413\clip_24_1038\image_0075.jpg,2,-83.963005,-17.742071
20210413,C:\junha\Datasets\LTDv2\frames\frames\20210413\clip_24_1038\image_0076.jpg,2,-83.21938,-17.278498
20210413,C:\junha\Datasets\LTDv2\frames\frames\20210413\clip_24_1038\image_0077.jpg,2,-83.28929,-17.880878
20210413,C:\junha\Datasets\LTDv2\frames\frames\20210413\clip_24_1038\image_0078.jpg,2,-83.03285,-18.039434
20210413,C:\junha\Datasets\LTDv2\frames\frames\20210413\clip_24_1038\image_0079.jpg,2,-84.22819,-16.281986
20210413,C:\junha\Datasets\LTDv2\frames\frames\20210413\clip_24_1038\image_0080.jpg,2,-79.44418,-16.74679
20210413,C:\junha\Datasets\LTDv2\frames\frames\20210413\clip_24_1038\image_0081.jpg,2,-80.78762,-14.093067
20210413,C:\junha\Datasets\LTDv2\frames\frames\20210413\clip_24_1038\image_0082.jpg,2,-80.89117,-14.069513
20210413,C:\junha\Datasets\LTDv2\frames\frames\20210413\clip_24_1038\image_0083.jpg,2,-80.07541,-15.861064
20210413,C:\junha\Datasets\LTDv2\frames\frames\20210413\clip_24_1038\image_0084.jpg,2,-82.48039,-14.156566
20210413,C:\junha\Datasets\LTDv2\frames\frames\20210413\clip_24_1038\image_0085.jpg,2,-85.99367,-14.159003
20210413,C:\junha\Datasets\LTDv2\frames\frames\20210413\clip_24_1038\image_0086.jpg,2,-81.99236,-14.811458
20210413,C:\junha\Datasets\LTDv2\frames\frames\20210413\clip_24_1038\image_0087.jpg,2,-82.557106,-15.178495
20210413,C:\junha\Datasets\LTDv2\frames\frames\20210413\clip_24_1038\image_0088.jpg,2,-82.30087,-15.60224
20210413,C:\junha\Datasets\LTDv2\frames\frames\20210413\clip_24_1038\image_0089.jpg,2,-81.8369,-17.15874
20210413,C:\junha\Datasets\LTDv2\frames\frames\20210413\clip_24_1038\image_0090.jpg,2,-81.39181,-17.31954
20210413,C:\junha\Datasets\LTDv2\frames\frames\20210413\clip_24_1038\image_0091.jpg,2,-81.97977,-15.64748
20210413,C:\junha\Datasets\LTDv2\frames\frames\20210413\clip_24_1038\image_0092.jpg,2,-80.75059,-17.479069
20210413,C:\junha\Datasets\LTDv2\frames\frames\20210413\clip_24_1038\image_0093.jpg,2,-83.67458,-18.954824
20210413,C:\junha\Datasets\LTDv2\frames\frames\20210413\clip_24_1038\image_0094.jpg,2,-83.5375,-18.841738
20210413,C:\junha\Datasets\LTDv2\frames\frames\20210413\clip_24_1038\image_0095.jpg,2,-84.21353,-18.697903
20210413,C:\junha\Datasets\LTDv2\frames\frames\20210413\clip_24_1038\image_0096.jpg,2,-84.44999,-18.558332
20210413,C:\junha\Datasets\LTDv2\frames\frames\20210413\clip_24_1038\image_0097.jpg,2,-85.75344,-16.084934
20210413,C:\junha\Datasets\LTDv2\frames\frames\20210413\clip_24_1038\image_0098.jpg,2,-83.06014,-15.571875
20210413,C:\junha\Datasets\LTDv2\frames\frames\20210413\clip_24_1038\image_0099.jpg,2,-81.81842,-16.01526
20210413,C:\junha\Datasets\LTDv2\frames\frames\20210413\clip_24_1038\image_0100.jpg,2,-81.760796,-15.694743
20210413,C:\junha\Datasets\LTDv2\frames\frames\20210413\clip_24_1038\image_0101.jpg,3,-76.27897,-17.41895
20210413,C:\junha\Datasets\LTDv2\frames\frames\20210413\clip_24_1038\image_0102.jpg,3,-77.36652,-17.329811
20210413,C:\junha\Datasets\LTDv2\frames\frames\20210413\clip_24_1038\image_0103.jpg,3,-78.19525,-17.566633
20210413,C:\junha\Datasets\LTDv2\frames\frames\20210413\clip_24_1038\image_0104.jpg,3,-77.994255,-17.078796
20210413,C:\junha\Datasets\LTDv2\frames\frames\20210413\clip_24_1038\image_0105.jpg,2,-78.68701,-16.88148
20210413,C:\junha\Datasets\LTDv2\frames\frames\20210413\clip_24_1038\image_0106.jpg,2,-78.22162,-17.011545
20210413,C:\junha\Datasets\LTDv2\frames\frames\20210413\clip_24_1038\image_0107.jpg,2,-78.85193,-16.699684
20210413,C:\junha\Datasets\LTDv2\frames\frames\20210413\clip_24_1038\image_0108.jpg,6,-78.383835,-17.078255
20210413,C:\junha\Datasets\LTDv2\frames\frames\20210413\clip_24_1038\image_0109.jpg,2,-86.49378,-14.078055
20210413,C:\junha\Datasets\LTDv2\frames\frames\20210413\clip_24_1038\image_0110.jpg,2,-81.56343,-13.504787
20210413,C:\junha\Datasets\LTDv2\frames\frames\20210413\clip_24_1038\image_0111.jpg,2,-83.54172,-13.549978
20210413,C:\junha\Datasets\LTDv2\frames\frames\20210413\clip_24_1038\image_0112.jpg,2,-83.27004,-13.754371
20210413,C:\junha\Datasets\LTDv2\frames\frames\20210413\clip_24_1038\image_0113.jpg,2,-85.56928,-13.102017
20210413,C:\junha\Datasets\LTDv2\frames\frames\20210413\clip_24_1038\image_0114.jpg,2,-80.43816,-14.998526
20210413,C:\junha\Datasets\LTDv2\frames\frames\20210413\clip_24_1038\image_0115.jpg,2,-84.639305,-12.370919
20210413,C:\junha\Datasets\LTDv2\frames\frames\20210413\clip_24_1038\image_0116.jpg,2,-81.3312,-15.149917
20210413,C:\junha\Datasets\LTDv2\frames\frames\20210413\clip_24_1038\image_0117.jpg,2,-84.909386,-12.158546
20210413,C:\junha\Datasets\LTDv2\frames\frames\20210413\clip_24_1038\image_0118.jpg,2,-84.77177,-12.129723
20210413,C:\junha\Datasets\LTDv2\frames\frames\20210413\clip_24_1038\image_0119.jpg,2,-86.236084,-11.392652
20210413,C:\junha\Datasets\LTDv2\frames\frames\20210413\clip_25_1106\image_0000.jpg,2,-79.739685,21.558865
20210413,C:\junha\Datasets\LTDv2\frames\frames\20210413\clip_25_1106\image_0001.jpg,2,-79.31549,21.240475
20210413,C:\junha\Datasets\LTDv2\frames\frames\20210413\clip_25_1106\image_0002.jpg,2,-77.87348,20.748352
20210413,C:\junha\Datasets\LTDv2\frames\frames\20210413\clip_25_1106\image_0003.jpg,2,-77.72988,20.711313
20210413,C:\junha\Datasets\LTDv2\frames\frames\20210413\clip_25_1106\image_0004.jpg,2,-79.41363,22.447264
20210413,C:\junha\Datasets\LTDv2\frames\frames\20210413\clip_25_1106\image_0005.jpg,2,-80.08244,22.705696
20210413,C:\junha\Datasets\LTDv2\frames\frames\20210413\clip_25_1106\image_0006.jpg,2,-78.15239,20.603313
20210413,C:\junha\Datasets\LTDv2\frames\frames\20210413\clip_25_1106\image_0007.jpg,2,-78.03602,20.437082
20210413,C:\junha\Datasets\LTDv2\frames\frames\20210413\clip_25_1106\image_0008.jpg,2,-77.20702,20.405901
20210413,C:\junha\Datasets\LTDv2\frames\frames\20210413\clip_25_1106\image_0009.jpg,2,-80.29707,23.019028
20210413,C:\junha\Datasets\LTDv2\frames\frames\20210413\clip_25_1106\image_0010.jpg,2,-76.266945,19.839037
20210413,C:\junha\Datasets\LTDv2\frames\frames\20210413\clip_25_1106\image_0011.jpg,2,-76.436966,19.784418
20210413,C:\junha\Datasets\LTDv2\frames\frames\20210413\clip_25_1106\image_0012.jpg,2,-80.76274,23.08951
20210413,C:\junha\Datasets\LTDv2\frames\frames\20210413\clip_25_1106\image_0013.jpg,2,-80.62162,23.753922
20210413,C:\junha\Datasets\LTDv2\frames\frames\20210413\clip_25_1106\image_0014.jpg,2,-79.68077,23.989714
20210413,C:\junha\Datasets\LTDv2\frames\frames\20210413\clip_25_1106\image_0015.jpg,2,-79.35682,23.110218
20210413,C:\junha\Datasets\LTDv2\frames\frames\20210413\clip_25_1106\image_0016.jpg,2,-79.36463,22.540722
20210413,C:\junha\Datasets\LTDv2\frames\frames\20210413\clip_25_1106\image_0017.jpg,2,-76.95916,19.940277
20210413,C:\junha\Datasets\LTDv2\frames\frames\20210413\clip_25_1106\image_0018.jpg,2,-78.833046,21.695482
20210413,C:\junha\Datasets\LTDv2\frames\frames\20210413\clip_25_1106\image_0019.jpg,2,-81.08137,23.350883
20210413,C:\junha\Datasets\LTDv2\frames\frames\20210413\clip_25_1106\image_0020.jpg,2,-76.84978,19.503912
20210413,C:\junha\Datasets\LTDv2\frames\frames\20210413\clip_25_1106\image_0021.jpg,2,-77.06523,19.719086
20210413,C:\junha\Datasets\LTDv2\frames\frames\20210413\clip_25_1106\image_0022.jpg,2,-78.29414,21.333408
20210413,C:\junha\Datasets\LTDv2\frames\frames\20210413\clip_25_1106\image_0023.jpg,2,-78.32315,21.580738
20210413,C:\junha\Datasets\LTDv2\frames\frames\20210413\clip_25_1106\image_0024.jpg,2,-77.72,21.228199
20210413,C:\junha\Datasets\LTDv2\frames\frames\20210413\clip_25_1106\image_0025.jpg,2,-77.0621,21.375729
20210413,C:\junha\Datasets\LTDv2\frames\frames\20210413\clip_25_1106\image_0026.jpg,2,-77.551704,21.623837
20210413,C:\junha\Datasets\LTDv2\frames\frames\20210413\clip_25_1106\image_0027.jpg,2,-77.76324,21.750061
20210413,C:\junha\Datasets\LTDv2\frames\frames\20210413\clip_25_1106\image_0028.jpg,2,-78.54282,21.957619
20210413,C:\junha\Datasets\LTDv2\frames\frames\20210413\clip_25_1106\image_0029.jpg,2,-78.98081,23.458956
20210413,C:\junha\Datasets\LTDv2\frames\frames\20210413\clip_25_1106\image_0030.jpg,2,-78.983215,24.107481
20210413,C:\junha\Datasets\LTDv2\frames\frames\20210413\clip_25_1106\image_0031.jpg,2,-78.56521,22.964964
20210413,C:\junha\Datasets\LTDv2\frames\frames\20210413\clip_25_1106\image_0032.jpg,2,-78.620575,23.94734
20210413,C:\junha\Datasets\LTDv2\frames\frames\20210413\clip_25_1106\image_0033.jpg,2,-78.717155,24.220774
20210413,C:\junha\Datasets\LTDv2\frames\frames\20210413\clip_25_1106\image_0034.jpg,2,-78.87572,24.276773
20210413,C:\junha\Datasets\LTDv2\frames\frames\20210413\clip_25_1106\image_0035.jpg,2,-78.61775,24.44425
20210413,C:\junha\Datasets\LTDv2\frames\frames\20210413\clip_25_1106\image_0036.jpg,2,-76.348915,22.537252
20210413,C:\junha\Datasets\LTDv2\frames\frames\20210413\clip_25_1106\image_0037.jpg,2,-76.37922,22.571112
20210413,C:\junha\Datasets\LTDv2\frames\frames\20210413\clip_25_1106\image_0038.jpg,2,-76.69754,22.803339
20210413,C:\junha\Datasets\LTDv2\frames\frames\20210413\clip_25_1106\image_0039.jpg,2,-78.41286,24.716677
20210413,C:\junha\Datasets\LTDv2\frames\frames\20210413\clip_25_1106\image_0040.jpg,2,-77.81773,23.552458
20210413,C:\junha\Datasets\LTDv2\frames\frames\20210413\clip_25_1106\image_0041.jpg,2,-77.12762,23.204405
20210413,C:\junha\Datasets\LTDv2\frames\frames\20210413\clip_25_1106\image_0042.jpg,2,-74.766174,23.65051
20210413,C:\junha\Datasets\LTDv2\frames\frames\20210413\clip_25_1106\image_0043.jpg,2,-74.75595,23.558535
20210413,C:\junha\Datasets\LTDv2\frames\frames\20210413\clip_25_1106\image_0044.jpg,2,-74.593056,21.889532
20210413,C:\junha\Datasets\LTDv2\frames\frames\20210413\clip_25_1106\image_0045.jpg,2,-74.02469,22.179056
20210413,C:\junha\Datasets\LTDv2\frames\frames\20210413\clip_25_1106\image_0046.jpg,2,-73.33444,22.398277
20210413,C:\junha\Datasets\LTDv2\frames\frames\20210413\clip_25_1106\image_0047.jpg,2,-73.586205,22.224098
20210413,C:\junha\Datasets\LTDv2\frames\frames\20210413\clip_25_1106\image_0048.jpg,2,-74.229965,22.58347
20210413,C:\junha\Datasets\LTDv2\frames\frames\20210413\clip_25_1106\image_0049.jpg,2,-79.686966,25.451109
20210413,C:\junha\Datasets\LTDv2\frames\frames\20210413\clip_25_1106\image_0050.jpg,2,-80.529816,25.857647
20210413,C:\junha\Datasets\LTDv2\frames\frames\20210413\clip_25_1106\image_0051.jpg,2,-80.39897,25.827007
20210413,C:\junha\Datasets\LTDv2\frames\frames\20210413\clip_25_1106\image_0052.jpg,2,-80.75992,25.699635
20210413,C:\junha\Datasets\LTDv2\frames\frames\20210413\clip_25_1106\image_0053.jpg,2,-80.4636,25.703817
20210413,C:\junha\Datasets\LTDv2\frames\frames\20210413\clip_25_1106\image_0054.jpg,2,-80.65822,25.705732
20210413,C:\junha\Datasets\LTDv2\frames\frames\20210413\clip_25_1106\image_0055.jpg,2,-80.64176,25.598799
20210413,C:\junha\Datasets\LTDv2\frames\frames\20210413\clip_25_1106\image_0056.jpg,2,-80.187805,25.688652
20210413,C:\junha\Datasets\LTDv2\frames\frames\20210413\clip_25_1106\image_0057.jpg,2,-74.286194,22.895607
20210413,C:\junha\Datasets\LTDv2\frames\frames\20210413\clip_25_1106\image_0058.jpg,2,-79.926735,25.492634
20210413,C:\junha\Datasets\LTDv2\frames\frames\20210413\clip_25_1106\image_0059.jpg,2,-81.24028,25.986122
20210413,C:\junha\Datasets\LTDv2\frames\frames\20210413\clip_25_1106\image_0060.jpg,2,-82.19133,25.241657
20210413,C:\junha\Datasets\LTDv2\frames\frames\20210413\clip_25_1106\image_0061.jpg,2,-82.50756,25.202806
20210413,C:\junha\Datasets\LTDv2\frames\frames\20210413\clip_25_1106\image_0062.jpg,2,-81.78385,24.271032
20210413,C:\junha\Datasets\LTDv2\frames\frames\20210413\clip_25_1106\image_0063.jpg,2,-81.78055,24.216084
20210413,C:\junha\Datasets\LTDv2\frames\frames\20210413\clip_25_1106\image_0064.jpg,2,-81.1963,24.728455
20210413,C:\junha\Datasets\LTDv2\frames\frames\20210413\clip_25_1106\image_0065.jpg,2,-81.24669,24.523771
20210413,C:\junha\Datasets\LTDv2\frames\frames\20210413\clip_25_1106\image_0066.jpg,2,-81.850655,24.201828
20210413,C:\junha\Datasets\LTDv2\frames\frames\20210413\clip_25_1106\image_0067.jpg,2,-82.10699,24.230509
20210413,C:\junha\Datasets\LTDv2\frames\frames\20210413\clip_25_1106\image_0068.jpg,2,-82.009766,24.767946
20210413,C:\junha\Datasets\LTDv2\frames\frames\20210413\clip_25_1106\image_0069.jpg,2,-81.60539,25.791409
20210413,C:\junha\Datasets\LTDv2\frames\frames\20210413\clip_25_1106\image_0070.jpg,2,-72.61281,21.98442
20210413,C:\junha\Datasets\LTDv2\frames\frames\20210413\clip_25_1106\image_0071.jpg,2,-72.734146,22.468615
20210413,C:\junha\Datasets\LTDv2\frames\frames\20210413\clip_25_1106\image_0072.jpg,2,-72.61085,21.399004
20210413,C:\junha\Datasets\LTDv2\frames\frames\20210413\clip_25_1106\image_0073.jpg,2,-72.64721,21.171152
20210413,C:\junha\Datasets\LTDv2\frames\frames\20210413\clip_25_1106\image_0074.jpg,2,-71.98286,22.011887
20210413,C:\junha\Datasets\LTDv2\frames\frames\20210413\clip_25_1106\image_0075.jpg,2,-72.16337,21.846445
20210413,C:\junha\Datasets\LTDv2\frames\frames\20210413\clip_25_1106\image_0076.jpg,2,-72.080215,21.773102
20210413,C:\junha\Datasets\LTDv2\frames\frames\20210413\clip_25_1106\image_0077.jpg,2,-72.21354,21.733887
20210413,C:\junha\Datasets\LTDv2\frames\frames\20210413\clip_25_1106\image_0078.jpg,2,-72.29905,22.620735
20210413,C:\junha\Datasets\LTDv2\frames\frames\20210413\clip_25_1106\image_0079.jpg,2,-79.074066,26.36252
20210413,C:\junha\Datasets\LTDv2\frames\frames\20210413\clip_25_1106\image_0080.jpg,2,-73.44916,21.124084
20210413,C:\junha\Datasets\LTDv2\frames\frames\20210413\clip_25_1106\image_0081.jpg,2,-73.54697,21.061954
20210413,C:\junha\Datasets\LTDv2\frames\frames\20210413\clip_25_1106\image_0082.jpg,2,-73.48539,21.690542
20210413,C:\junha\Datasets\LTDv2\frames\frames\20210413\clip_25_1106\image_0083.jpg,2,-73.58407,21.693274
20210413,C:\junha\Datasets\LTDv2\frames\frames\20210413\clip_25_1106\image_0084.jpg,2,-73.64738,20.858599
20210413,C:\junha\Datasets\LTDv2\frames\frames\20210413\clip_25_1106\image_0085.jpg,2,-73.58997,20.693611
20210413,C:\junha\Datasets\LTDv2\frames\frames\20210413\clip_25_1106\image_0086.jpg,2,-73.874016,21.113216
20210413,C:\junha\Datasets\LTDv2\frames\frames\20210413\clip_25_1106\image_0087.jpg,2,-74.418625,20.65834
20210413,C:\junha\Datasets\LTDv2\frames\frames\20210413\clip_25_1106\image_0088.jpg,2,-73.99606,21.445038
20210413,C:\junha\Datasets\LTDv2\frames\frames\20210413\clip_25_1106\image_0089.jpg,2,-73.79321,18.190372
20210413,C:\junha\Datasets\LTDv2\frames\frames\20210413\clip_25_1106\image_0090.jpg,2,-73.73509,18.083515
20210413,C:\junha\Datasets\LTDv2\frames\frames\20210413\clip_25_1106\image_0091.jpg,2,-73.61482,17.739025
20210413,C:\junha\Datasets\LTDv2\frames\frames\20210413\clip_25_1106\image_0092.jpg,6,-47.602634,28.856012
20210413,C:\junha\Datasets\LTDv2\frames\frames\20210413\clip_25_1106\image_0093.jpg,6,-47.263695,28.95039
20210413,C:\junha\Datasets\LTDv2\frames\frames\20210413\clip_25_1106\image_0094.jpg,3,-47.04486,29.0295
20210413,C:\junha\Datasets\LTDv2\frames\frames\20210413\clip_25_1106\image_0095.jpg,8,-46.763733,29.045681
20210413,C:\junha\Datasets\LTDv2\frames\frames\20210413\clip_25_1106\image_0096.jpg,6,-47.248394,29.053717
20210413,C:\junha\Datasets\LTDv2\frames\frames\20210413\clip_25_1106\image_0097.jpg,6,-47.371967,29.082941
20210413,C:\junha\Datasets\LTDv2\frames\frames\20210413\clip_25_1106\image_0098.jpg,3,-47.13318,29.032028
20210413,C:\junha\Datasets\LTDv2\frames\frames\20210413\clip_25_1106\image_0099.jpg,2,-73.92556,19.4605
20210413,C:\junha\Datasets\LTDv2\frames\frames\20210413\clip_25_1106\image_0100.jpg,2,-74.45543,19.465794
20210413,C:\junha\Datasets\LTDv2\frames\frames\20210413\clip_25_1106\image_0101.jpg,2,-76.883675,25.249102
20210413,C:\junha\Datasets\LTDv2\frames\frames\20210413\clip_25_1106\image_0102.jpg,2,-75.95506,25.41189
20210413,C:\junha\Datasets\LTDv2\frames\frames\20210413\clip_25_1106\image_0103.jpg,2,-76.0748,25.45849
20210413,C:\junha\Datasets\LTDv2\frames\frames\20210413\clip_25_1106\image_0104.jpg,2,-75.84073,25.174147
20210413,C:\junha\Datasets\LTDv2\frames\frames\20210413\clip_25_1106\image_0105.jpg,2,-76.928085,25.25238
20210413,C:\junha\Datasets\LTDv2\frames\frames\20210413\clip_25_1106\image_0106.jpg,2,-78.50278,26.951561
20210413,C:\junha\Datasets\LTDv2\frames\frames\20210413\clip_25_1106\image_0107.jpg,2,-78.82052,26.610388
20210413,C:\junha\Datasets\LTDv2\frames\frames\20210413\clip_25_1106\image_0108.jpg,2,-78.80012,26.845003
20210413,C:\junha\Datasets\LTDv2\frames\frames\20210413\clip_25_1106\image_0109.jpg,2,-78.68808,27.02216
20210413,C:\junha\Datasets\LTDv2\frames\frames\20210413\clip_25_1106\image_0110.jpg,2,-79.277954,28.028358
20210413,C:\junha\Datasets\LTDv2\frames\frames\20210413\clip_25_1106\image_0111.jpg,2,-79.1658,28.058525
20210413,C:\junha\Datasets\LTDv2\frames\frames\20210413\clip_25_1106\image_0112.jpg,2,-79.38276,28.302366
20210413,C:\junha\Datasets\LTDv2\frames\frames\20210413\clip_25_1106\image_0113.jpg,2,-79.34966,28.296228
20210413,C:\junha\Datasets\LTDv2\frames\frames\20210413\clip_25_1106\image_0114.jpg,2,-79.335976,28.251524
20210413,C:\junha\Datasets\LTDv2\frames\frames\20210413\clip_25_1106\image_0115.jpg,2,-73.32567,23.65854
20210413,C:\junha\Datasets\LTDv2\frames\frames\20210413\clip_25_1106\image_0116.jpg,2,-73.13588,24.044004
20210413,C:\junha\Datasets\LTDv2\frames\frames\20210413\clip_25_1106\image_0117.jpg,2,-73.34653,24.252739
20210413,C:\junha\Datasets\LTDv2\frames\frames\20210413\clip_25_1106\image_0118.jpg,2,-79.1125,27.734438
20210413,C:\junha\Datasets\LTDv2\frames\frames\20210413\clip_25_1106\image_0119.jpg,6,-50.344723,35.890354
20210413,C:\junha\Datasets\LTDv2\frames\frames\20210413\clip_26_1134\image_0000.jpg,2,-80.29182,7.9362693
20210413,C:\junha\Datasets\LTDv2\frames\frames\20210413\clip_26_1134\image_0001.jpg,2,-80.401436,8.104147
20210413,C:\junha\Datasets\LTDv2\frames\frames\20210413\clip_26_1134\image_0002.jpg,2,-80.74669,8.022699
20210413,C:\junha\Datasets\LTDv2\frames\frames\20210413\clip_26_1134\image_0003.jpg,2,-81.34832,7.7073903
20210413,C:\junha\Datasets\LTDv2\frames\frames\20210413\clip_26_1134\image_0004.jpg,2,-81.256905,7.7255044
20210413,C:\junha\Datasets\LTDv2\frames\frames\20210413\clip_26_1134\image_0005.jpg,2,-77.76478,8.491967
20210413,C:\junha\Datasets\LTDv2\frames\frames\20210413\clip_26_1134\image_0006.jpg,2,-77.71011,8.350146
20210413,C:\junha\Datasets\LTDv2\frames\frames\20210413\clip_26_1134\image_0007.jpg,2,-81.23129,7.6849546
20210413,C:\junha\Datasets\LTDv2\frames\frames\20210413\clip_26_1134\image_0008.jpg,2,-81.096085,7.6754403
20210413,C:\junha\Datasets\LTDv2\frames\frames\20210413\clip_26_1134\image_0009.jpg,2,-81.56611,6.7671137
20210413,C:\junha\Datasets\LTDv2\frames\frames\20210413\clip_26_1134\image_0010.jpg,2,-81.82784,7.222523
20210413,C:\junha\Datasets\LTDv2\frames\frames\20210413\clip_26_1134\image_0011.jpg,2,-82.20538,7.930042
20210413,C:\junha\Datasets\LTDv2\frames\frames\20210413\clip_26_1134\image_0012.jpg,2,-82.334564,8.023022
20210413,C:\junha\Datasets\LTDv2\frames\frames\20210413\clip_26_1134\image_0013.jpg,2,-80.27604,8.497921
20210413,C:\junha\Datasets\LTDv2\frames\frames\20210413\clip_26_1134\image_0014.jpg,2,-80.0618,8.753796
20210413,C:\junha\Datasets\LTDv2\frames\frames\20210413\clip_26_1134\image_0015.jpg,2,-81.46376,8.957845
20210413,C:\junha\Datasets\LTDv2\frames\frames\20210413\clip_26_1134\image_0016.jpg,2,-81.51438,9.163562
20210413,C:\junha\Datasets\LTDv2\frames\frames\20210413\clip_26_1134\image_0017.jpg,2,-80.00344,10.015972
20210413,C:\junha\Datasets\LTDv2\frames\frames\20210413\clip_26_1134\image_0018.jpg,2,-80.199066,10.020643
20210413,C:\junha\Datasets\LTDv2\frames\frames\20210413\clip_26_1134\image_0019.jpg,2,-80.960464,9.061174
20210413,C:\junha\Datasets\LTDv2\frames\frames\20210413\clip_26_1134\image_0020.jpg,2,-81.14836,9.281395
20210413,C:\junha\Datasets\LTDv2\frames\frames\20210413\clip_26_1134\image_0021.jpg,2,-80.33664,9.048251
20210413,C:\junha\Datasets\LTDv2\frames\frames\20210413\clip_26_1134\image_0022.jpg,2,-80.09308,9.130579
20210413,C:\junha\Datasets\LTDv2\frames\frames\20210413\clip_26_1134\image_0023.jpg,2,-81.30445,6.157989
20210413,C:\junha\Datasets\LTDv2\frames\frames\20210413\clip_26_1134\image_0024.jpg,2,-81.22545,6.120457
20210413,C:\junha\Datasets\LTDv2\frames\frames\20210413\clip_26_1134\image_0025.jpg,2,-79.03514,8.429951
20210413,C:\junha\Datasets\LTDv2\frames\frames\20210413\clip_26_1134\image_0026.jpg,2,-78.7284,8.521705
20210413,C:\junha\Datasets\LTDv2\frames\frames\20210413\clip_26_1134\image_0027.jpg,2,-79.3837,9.355032
20210413,C:\junha\Datasets\LTDv2\frames\frames\20210413\clip_26_1134\image_0028.jpg,2,-79.345314,9.428955
20210413,C:\junha\Datasets\LTDv2\frames\frames\20210413\clip_26_1134\image_0029.jpg,2,-80.32222,6.2775393
20210413,C:\junha\Datasets\LTDv2\frames\frames\20210413\clip_26_1134\image_0030.jpg,2,-80.20512,6.736186
20210413,C:\junha\Datasets\LTDv2\frames\frames\20210413\clip_26_1134\image_0031.jpg,2,-79.66155,7.588262
20210413,C:\junha\Datasets\LTDv2\frames\frames\20210413\clip_26_1134\image_0032.jpg,2,-80.02704,7.0690002
20210413,C:\junha\Datasets\LTDv2\frames\frames\20210413\clip_26_1134\image_0033.jpg,2,-79.256905,5.622034
20210413,C:\junha\Datasets\LTDv2\frames\frames\20210413\clip_26_1134\image_0034.jpg,2,-79.47355,5.460803
20210413,C:\junha\Datasets\LTDv2\frames\frames\20210413\clip_26_1134\image_0035.jpg,2,-78.74031,7.9454284
20210413,C:\junha\Datasets\LTDv2\frames\frames\20210413\clip_26_1134\image_0036.jpg,2,-78.42915,8.026129
20210413,C:\junha\Datasets\LTDv2\frames\frames\20210413\clip_26_1134\image_0037.jpg,2,-78.92137,8.699263
20210413,C:\junha\Datasets\LTDv2\frames\frames\20210413\clip_26_1134\image_0038.jpg,2,-78.81734,8.626137
20210413,C:\junha\Datasets\LTDv2\frames\frames\20210413\clip_26_1134\image_0039.jpg,2,-78.51013,6.7623434
20210413,C:\junha\Datasets\LTDv2\frames\frames\20210413\clip_26_1134\image_0040.jpg,2,-78.62498,6.9860573
20210413,C:\junha\Datasets\LTDv2\frames\frames\20210413\clip_26_1134\image_0041.jpg,2,-80.83802,5.4902735
20210413,C:\junha\Datasets\LTDv2\frames\frames\20210413\clip_26_1134\image_0042.jpg,2,-78.14954,3.70206
20210413,C:\junha\Datasets\LTDv2\frames\frames\20210413\clip_26_1134\image_0043.jpg,2,-78.06028,3.3320909
20210413,C:\junha\Datasets\LTDv2\frames\frames\20210413\clip_26_1134\image_0044.jpg,2,-78.095024,3.2676504
20210413,C:\junha\Datasets\LTDv2\frames\frames\20210413\clip_26_1134\image_0045.jpg,2,-77.31491,3.6830065
20210413,C:\junha\Datasets\LTDv2\frames\frames\20210413\clip_26_1134\image_0046.jpg,2,-77.35769,3.7937796
20210413,C:\junha\Datasets\LTDv2\frames\frames\20210413\clip_26_1134\image_0047.jpg,2,-79.13755,6.0159416
20210413,C:\junha\Datasets\LTDv2\frames\frames\20210413\clip_26_1134\image_0048.jpg,2,-78.97341,6.1390715
20210413,C:\junha\Datasets\LTDv2\frames\frames\20210413\clip_26_1134\image_0049.jpg,2,-77.36072,7.599789
20210413,C:\junha\Datasets\LTDv2\frames\frames\20210413\clip_26_1134\image_0050.jpg,2,-77.35469,7.6651874
20210413,C:\junha\Datasets\LTDv2\frames\frames\20210413\clip_26_1134\image_0051.jpg,2,-80.94928,7.1907616
20210413,C:\junha\Datasets\LTDv2\frames\frames\20210413\clip_26_1134\image_0052.jpg,2,-79.27222,7.1217957
20210413,C:\junha\Datasets\LTDv2\frames\frames\20210413\clip_26_1134\image_0053.jpg,2,-79.05481,5.1827784
20210413,C:\junha\Datasets\LTDv2\frames\frames\20210413\clip_26_1134\image_0054.jpg,2,-76.64725,7.902505
20210413,C:\junha\Datasets\LTDv2\frames\frames\20210413\clip_26_1134\image_0055.jpg,2,-72.70844,4.5783587
20210413,C:\junha\Datasets\LTDv2\frames\frames\20210413\clip_26_1134\image_0056.jpg,2,-72.69833,4.5816145
20210413,C:\junha\Datasets\LTDv2\frames\frames\20210413\clip_26_1134\image_0057.jpg,2,-72.70776,4.574362
20210413,C:\junha\Datasets\LTDv2\frames\frames\20210413\clip_26_1134\image_0058.jpg,2,-72.71392,4.719579
20210413,C:\junha\Datasets\LTDv2\frames\frames\20210413\clip_26_1134\image_0059.jpg,2,-79.525604,4.468134
20210413,C:\junha\Datasets\LTDv2\frames\frames\20210413\clip_26_1134\image_0060.jpg,2,-80.4535,4.7342134
20210413,C:\junha\Datasets\LTDv2\frames\frames\20210413\clip_26_1134\image_0061.jpg,2,-73.55092,8.773036
20210413,C:\junha\Datasets\LTDv2\frames\frames\20210413\clip_26_1134\image_0062.jpg,2,-71.64464,8.773845
20210413,C:\junha\Datasets\LTDv2\frames\frames\20210413\clip_26_1134\image_0063.jpg,2,-72.03586,8.811517
20210413,C:\junha\Datasets\LTDv2\frames\frames\20210413\clip_26_1134\image_0064.jpg,2,-72.80961,7.916157
20210413,C:\junha\Datasets\LTDv2\frames\frames\20210413\clip_26_1134\image_0065.jpg,2,-73.4636,7.3624067
20210413,C:\junha\Datasets\LTDv2\frames\frames\20210413\clip_26_1134\image_0066.jpg,2,-73.52899,7.2610545
20210413,C:\junha\Datasets\LTDv2\frames\frames\20210413\clip_26_1134\image_0067.jpg,2,-76.29327,4.389637
20210413,C:\junha\Datasets\LTDv2\frames\frames\20210413\clip_26_1134\image_0068.jpg,2,-76.15359,4.3063245
20210413,C:\junha\Datasets\LTDv2\frames\frames\20210413\clip_26_1134\image_0069.jpg,2,-81.53488,4.5067444
20210413,C:\junha\Datasets\LTDv2\frames\frames\20210413\clip_26_1134\image_0070.jpg,2,-81.20827,4.7724233
20210413,C:\junha\Datasets\LTDv2\frames\frames\20210413\clip_26_1134\image_0071.jpg,2,-75.32934,5.8209934
20210413,C:\junha\Datasets\LTDv2\frames\frames\20210413\clip_26_1134\image_0072.jpg,2,-76.16922,7.1132545
20210413,C:\junha\Datasets\LTDv2\frames\frames\20210413\clip_26_1134\image_0073.jpg,2,-74.97345,8.548443
20210413,C:\junha\Datasets\LTDv2\frames\frames\20210413\clip_26_1134\image_0074.jpg,2,-73.54969,9.386662
20210413,C:\junha\Datasets\LTDv2\frames\frames\20210413\clip_26_1134\image_0075.jpg,2,-74.898315,8.072337
20210413,C:\junha\Datasets\LTDv2\frames\frames\20210413\clip_26_1134\image_0076.jpg,2,-74.12272,9.116152
20210413,C:\junha\Datasets\LTDv2\frames\frames\20210413\clip_26_1134\image_0077.jpg,2,-73.940445,10.322787
20210413,C:\junha\Datasets\LTDv2\frames\frames\20210413\clip_26_1134\image_0078.jpg,2,-73.8303,10.049394
20210413,C:\junha\Datasets\LTDv2\frames\frames\20210413\clip_26_1134\image_0079.jpg,2,-74.6182,9.425924
20210413,C:\junha\Datasets\LTDv2\frames\frames\20210413\clip_26_1134\image_0080.jpg,2,-73.63802,9.633381
20210413,C:\junha\Datasets\LTDv2\frames\frames\20210413\clip_26_1134\image_0081.jpg,2,-74.41818,8.234025
20210413,C:\junha\Datasets\LTDv2\frames\frames\20210413\clip_26_1134\image_0082.jpg,2,-73.66537,8.658529
20210413,C:\junha\Datasets\LTDv2\frames\frames\20210413\clip_26_1134\image_0083.jpg,2,-78.326965,9.78373
20210413,C:\junha\Datasets\LTDv2\frames\frames\20210413\clip_26_1134\image_0084.jpg,2,-75.59385,7.647093
20210413,C:\junha\Datasets\LTDv2\frames\frames\20210413\clip_26_1134\image_0085.jpg,2,-75.20209,7.68366
20210413,C:\junha\Datasets\LTDv2\frames\frames\20210413\clip_26_1134\image_0086.jpg,2,-75.33776,7.2538824
20210413,C:\junha\Datasets\LTDv2\frames\frames\20210413\clip_26_1134\image_0087.jpg,2,-74.60125,7.910477
20210413,C:\junha\Datasets\LTDv2\frames\frames\20210413\clip_26_1134\image_0088.jpg,2,-74.97465,7.5642424
20210413,C:\junha\Datasets\LTDv2\frames\frames\20210413\clip_26_1134\image_0089.jpg,2,-74.13372,8.497311
20210413,C:\junha\Datasets\LTDv2\frames\frames\20210413\clip_26_1134\image_0090.jpg,2,-74.545166,8.476714
20210413,C:\junha\Datasets\LTDv2\frames\frames\20210413\clip_26_1134\image_0091.jpg,2,-80.18045,4.99197
20210413,C:\junha\Datasets\LTDv2\frames\frames\20210413\clip_26_1134\image_0092.jpg,2,-80.724846,4.625908
20210413,C:\junha\Datasets\LTDv2\frames\frames\20210413\clip_26_1134\image_0093.jpg,2,-81.123764,4.4785028
20210413,C:\junha\Datasets\LTDv2\frames\frames\20210413\clip_26_1134\image_0094.jpg,2,-76.70867,6.431348
20210413,C:\junha\Datasets\LTDv2\frames\frames\20210413\clip_26_1134\image_0095.jpg,2,-73.31869,6.041833
20210413,C:\junha\Datasets\LTDv2\frames\frames\20210413\clip_26_1134\image_0096.jpg,2,-73.634094,5.910239
20210413,C:\junha\Datasets\LTDv2\frames\frames\20210413\clip_26_1134\image_0097.jpg,2,-77.63456,5.0656834
20210413,C:\junha\Datasets\LTDv2\frames\frames\20210413\clip_26_1134\image_0098.jpg,2,-77.230774,5.055763
20210413,C:\junha\Datasets\LTDv2\frames\frames\20210413\clip_26_1134\image_0099.jpg,2,-75.99356,9.793067
20210413,C:\junha\Datasets\LTDv2\frames\frames\20210413\clip_26_1134\image_0100.jpg,2,-75.91854,9.720237
20210413,C:\junha\Datasets\LTDv2\frames\frames\20210413\clip_26_1134\image_0101.jpg,2,-76.114395,8.086979
20210413,C:\junha\Datasets\LTDv2\frames\frames\20210413\clip_26_1134\image_0102.jpg,2,-75.7376,8.092799
20210413,C:\junha\Datasets\LTDv2\frames\frames\20210413\clip_26_1134\image_0103.jpg,2,-76.928375,5.693576
20210413,C:\junha\Datasets\LTDv2\frames\frames\20210413\clip_26_1134\image_0104.jpg,2,-76.81633,5.7092366
20210413,C:\junha\Datasets\LTDv2\frames\frames\20210413\clip_26_1134\image_0105.jpg,2,-74.76651,5.357689
20210413,C:\junha\Datasets\LTDv2\frames\frames\20210413\clip_26_1134\image_0106.jpg,2,-74.637436,5.474557
20210413,C:\junha\Datasets\LTDv2\frames\frames\20210413\clip_26_1134\image_0107.jpg,2,-75.09658,3.3620255
20210413,C:\junha\Datasets\LTDv2\frames\frames\20210413\clip_26_1134\image_0108.jpg,2,-75.1007,3.3796036
20210413,C:\junha\Datasets\LTDv2\frames\frames\20210413\clip_26_1134\image_0109.jpg,2,-71.23404,7.636001
20210413,C:\junha\Datasets\LTDv2\frames\frames\20210413\clip_26_1134\image_0110.jpg,2,-71.35719,7.579524
20210413,C:\junha\Datasets\LTDv2\frames\frames\20210413\clip_26_1134\image_0111.jpg,2,-72.014496,7.2352595
20210413,C:\junha\Datasets\LTDv2\frames\frames\20210413\clip_26_1134\image_0112.jpg,2,-72.124306,7.0682635
20210413,C:\junha\Datasets\LTDv2\frames\frames\20210413\clip_26_1134\image_0113.jpg,2,-71.255455,7.53433
20210413,C:\junha\Datasets\LTDv2\frames\frames\20210413\clip_26_1134\image_0114.jpg,2,-71.15552,7.692922
20210413,C:\junha\Datasets\LTDv2\frames\frames\20210413\clip_26_1134\image_0115.jpg,2,-72.26603,6.560912
20210413,C:\junha\Datasets\LTDv2\frames\frames\20210413\clip_26_1134\image_0116.jpg,2,-71.3792,7.2010617
20210413,C:\junha\Datasets\LTDv2\frames\frames\20210413\clip_26_1134\image_0117.jpg,2,-72.52461,6.3304915
20210413,C:\junha\Datasets\LTDv2\frames\frames\20210413\clip_26_1134\image_0118.jpg,2,-71.32998,7.525478
20210413,C:\junha\Datasets\LTDv2\frames\frames\20210413\clip_26_1134\image_0119.jpg,2,-72.116135,5.921157
20210413,C:\junha\Datasets\LTDv2\frames\frames\20210413\clip_27_1202\image_0000.jpg,3,-47.506607,17.923164
20210413,C:\junha\Datasets\LTDv2\frames\frames\20210413\clip_27_1202\image_0001.jpg,3,-47.564075,17.368887
20210413,C:\junha\Datasets\LTDv2\frames\frames\20210413\clip_27_1202\image_0002.jpg,3,-47.342583,17.64697
20210413,C:\junha\Datasets\LTDv2\frames\frames\20210413\clip_27_1202\image_0003.jpg,3,-48.300667,17.266964
20210413,C:\junha\Datasets\LTDv2\frames\frames\20210413\clip_27_1202\image_0004.jpg,3,-47.684902,17.249409
20210413,C:\junha\Datasets\LTDv2\frames\frames\20210413\clip_27_1202\image_0005.jpg,3,-48.29431,17.26688
20210413,C:\junha\Datasets\LTDv2\frames\frames\20210413\clip_27_1202\image_0006.jpg,3,-47.616207,17.420418
20210413,C:\junha\Datasets\LTDv2\frames\frames\20210413\clip_27_1202\image_0007.jpg,3,-47.556313,17.013346
20210413,C:\junha\Datasets\LTDv2\frames\frames\20210413\clip_27_1202\image_0008.jpg,3,-47.438732,17.239832
20210413,C:\junha\Datasets\LTDv2\frames\frames\20210413\clip_27_1202\image_0009.jpg,2,-54.18008,11.262053
20210413,C:\junha\Datasets\LTDv2\frames\frames\20210413\clip_27_1202\image_0010.jpg,2,-53.960392,11.697938
20210413,C:\junha\Datasets\LTDv2\frames\frames\20210413\clip_27_1202\image_0011.jpg,3,-48.74703,16.264347
20210413,C:\junha\Datasets\LTDv2\frames\frames\20210413\clip_27_1202\image_0012.jpg,3,-48.915604,16.040157
20210413,C:\junha\Datasets\LTDv2\frames\frames\20210413\clip_27_1202\image_0013.jpg,3,-50.044827,16.016083
20210413,C:\junha\Datasets\LTDv2\frames\frames\20210413\clip_27_1202\image_0014.jpg,3,-50.05562,15.866213
20210413,C:\junha\Datasets\LTDv2\frames\frames\20210413\clip_27_1202\image_0015.jpg,3,-48.65591,15.942928
20210413,C:\junha\Datasets\LTDv2\frames\frames\20210413\clip_27_1202\image_0016.jpg,3,-49.094734,15.842428
20210413,C:\junha\Datasets\LTDv2\frames\frames\20210413\clip_27_1202\image_0017.jpg,3,-50.499496,11.94961
20210413,C:\junha\Datasets\LTDv2\frames\frames\20210413\clip_27_1202\image_0018.jpg,2,-50.6038,11.726915
20210413,C:\junha\Datasets\LTDv2\frames\frames\20210413\clip_27_1202\image_0019.jpg,2,-53.62384,12.145246
20210413,C:\junha\Datasets\LTDv2\frames\frames\20210413\clip_27_1202\image_0020.jpg,2,-53.68429,11.33812
20210413,C:\junha\Datasets\LTDv2\frames\frames\20210413\clip_27_1202\image_0021.jpg,2,-53.169655,11.370717
20210413,C:\junha\Datasets\LTDv2\frames\frames\20210413\clip_27_1202\image_0022.jpg,2,-53.023167,11.064265
20210413,C:\junha\Datasets\LTDv2\frames\frames\20210413\clip_27_1202\image_0023.jpg,2,-52.838,10.6499815
20210413,C:\junha\Datasets\LTDv2\frames\frames\20210413\clip_27_1202\image_0024.jpg,2,-52.850414,10.414407
20210413,C:\junha\Datasets\LTDv2\frames\frames\20210413\clip_27_1202\image_0025.jpg,2,-51.947533,11.586199
20210413,C:\junha\Datasets\LTDv2\frames\frames\20210413\clip_27_1202\image_0026.jpg,3,-51.58372,11.758458
20210413,C:\junha\Datasets\LTDv2\frames\frames\20210413\clip_27_1202\image_0027.jpg,2,-52.690247,11.217883
20210413,C:\junha\Datasets\LTDv2\frames\frames\20210413\clip_27_1202\image_0028.jpg,3,-52.133904,11.306347
20210413,C:\junha\Datasets\LTDv2\frames\frames\20210413\clip_27_1202\image_0029.jpg,3,-47.563126,14.744698
20210413,C:\junha\Datasets\LTDv2\frames\frames\20210413\clip_27_1202\image_0030.jpg,3,-47.606056,14.808027
20210413,C:\junha\Datasets\LTDv2\frames\frames\20210413\clip_27_1202\image_0031.jpg,3,-47.847878,14.920904
20210413,C:\junha\Datasets\LTDv2\frames\frames\20210413\clip_27_1202\image_0032.jpg,3,-47.99484,14.531765
20210413,C:\junha\Datasets\LTDv2\frames\frames\20210413\clip_27_1202\image_0033.jpg,3,-48.264233,14.230289
20210413,C:\junha\Datasets\LTDv2\frames\frames\20210413\clip_27_1202\image_0034.jpg,3,-48.40066,13.985052
20210413,C:\junha\Datasets\LTDv2\frames\frames\20210413\clip_27_1202\image_0035.jpg,3,-47.91704,15.427113
20210413,C:\junha\Datasets\LTDv2\frames\frames\20210413\clip_27_1202\image_0036.jpg,3,-47.680195,15.687287
20210413,C:\junha\Datasets\LTDv2\frames\frames\20210413\clip_27_1202\image_0037.jpg,3,-47.800125,15.662787
20210413,C:\junha\Datasets\LTDv2\frames\frames\20210413\clip_27_1202\image_0038.jpg,3,-48.217148,15.1759205
20210413,C:\junha\Datasets\LTDv2\frames\frames\20210413\clip_27_1202\image_0039.jpg,2,-52.32564,12.511712
20210413,C:\junha\Datasets\LTDv2\frames\frames\20210413\clip_27_1202\image_0040.jpg,3,-52.057785,12.672281
20210413,C:\junha\Datasets\LTDv2\frames\frames\20210413\clip_27_1202\image_0041.jpg,3,-52.07004,13.256222
20210413,C:\junha\Datasets\LTDv2\frames\frames\20210413\clip_27_1202\image_0042.jpg,3,-51.58544,13.619339
20210413,C:\junha\Datasets\LTDv2\frames\frames\20210413\clip_27_1202\image_0043.jpg,3,-52.2845,11.994884
20210413,C:\junha\Datasets\LTDv2\frames\frames\20210413\clip_27_1202\image_0044.jpg,3,-52.189888,11.850112
20210413,C:\junha\Datasets\LTDv2\frames\frames\20210413\clip_27_1202\image_0045.jpg,3,-52.705463,11.2868595
20210413,C:\junha\Datasets\LTDv2\frames\frames\20210413\clip_27_1202\image_0046.jpg,3,-52.047024,11.308438
20210413,C:\junha\Datasets\LTDv2\frames\frames\20210413\clip_27_1202\image_0047.jpg,2,-52.57706,10.549211
20210413,C:\junha\Datasets\LTDv2\frames\frames\20210413\clip_27_1202\image_0048.jpg,2,-52.066563,11.009412
20210413,C:\junha\Datasets\LTDv2\frames\frames\20210413\clip_27_1202\image_0049.jpg,3,-52.862015,11.927897
20210413,C:\junha\Datasets\LTDv2\frames\frames\20210413\clip_27_1202\image_0050.jpg,3,-46.23402,15.804888
20210413,C:\junha\Datasets\LTDv2\frames\frames\20210413\clip_27_1202\image_0051.jpg,3,-45.493927,16.370996
20210413,C:\junha\Datasets\LTDv2\frames\frames\20210413\clip_27_1202\image_0052.jpg,3,-45.609455,16.188263
20210413,C:\junha\Datasets\LTDv2\frames\frames\20210413\clip_27_1202\image_0053.jpg,3,-46.353714,16.096235
20210413,C:\junha\Datasets\LTDv2\frames\frames\20210413\clip_27_1202\image_0054.jpg,3,-46.256256,16.109262
20210413,C:\junha\Datasets\LTDv2\frames\frames\20210413\clip_27_1202\image_0055.jpg,3,-46.65528,16.643995
20210413,C:\junha\Datasets\LTDv2\frames\frames\20210413\clip_27_1202\image_0056.jpg,3,-46.376694,16.813532
20210413,C:\junha\Datasets\LTDv2\frames\frames\20210413\clip_27_1202\image_0057.jpg,3,-46.683094,16.59088
20210413,C:\junha\Datasets\LTDv2\frames\frames\20210413\clip_27_1202\image_0058.jpg,3,-47.56735,16.10097
20210413,C:\junha\Datasets\LTDv2\frames\frames\20210413\clip_27_1202\image_0059.jpg,3,-51.247303,13.375055
20210413,C:\junha\Datasets\LTDv2\frames\frames\20210413\clip_27_1202\image_0060.jpg,3,-51.15053,13.3862915
20210413,C:\junha\Datasets\LTDv2\frames\frames\20210413\clip_27_1202\image_0061.jpg,3,-49.550327,15.207998
20210413,C:\junha\Datasets\LTDv2\frames\frames\20210413\clip_27_1202\image_0062.jpg,3,-49.283527,15.470957
20210413,C:\junha\Datasets\LTDv2\frames\frames\20210413\clip_27_1202\image_0063.jpg,3,-53.354618,14.531704
20210413,C:\junha\Datasets\LTDv2\frames\frames\20210413\clip_27_1202\image_0064.jpg,3,-53.211002,14.364926
20210413,C:\junha\Datasets\LTDv2\frames\frames\20210413\clip_27_1202\image_0065.jpg,3,-53.50245,13.714269
20210413,C:\junha\Datasets\LTDv2\frames\frames\20210413\clip_27_1202\image_0066.jpg,3,-53.033615,13.463004
20210413,C:\junha\Datasets\LTDv2\frames\frames\20210413\clip_27_1202\image_0067.jpg,2,-52.937016,13.358404
20210413,C:\junha\Datasets\LTDv2\frames\frames\20210413\clip_27_1202\image_0068.jpg,3,-52.711136,13.73194
20210413,C:\junha\Datasets\LTDv2\frames\frames\20210413\clip_27_1202\image_0069.jpg,3,-51.40166,14.604488
20210413,C:\junha\Datasets\LTDv2\frames\frames\20210413\clip_27_1202\image_0070.jpg,3,-50.877583,15.17668
20210413,C:\junha\Datasets\LTDv2\frames\frames\20210413\clip_27_1202\image_0071.jpg,3,-52.471554,13.772997
20210413,C:\junha\Datasets\LTDv2\frames\frames\20210413\clip_27_1202\image_0072.jpg,3,-52.09907,13.854386
20210413,C:\junha\Datasets\LTDv2\frames\frames\20210413\clip_27_1202\image_0073.jpg,3,-51.976673,14.716964
20210413,C:\junha\Datasets\LTDv2\frames\frames\20210413\clip_27_1202\image_0074.jpg,3,-52.16033,14.657706
20210413,C:\junha\Datasets\LTDv2\frames\frames\20210413\clip_27_1202\image_0075.jpg,2,-52.90998,14.570535
20210413,C:\junha\Datasets\LTDv2\frames\frames\20210413\clip_27_1202\image_0076.jpg,3,-52.279545,15.156739
20210413,C:\junha\Datasets\LTDv2\frames\frames\20210413\clip_27_1202\image_0077.jpg,3,-50.600384,14.530743
20210413,C:\junha\Datasets\LTDv2\frames\frames\20210413\clip_27_1202\image_0078.jpg,3,-47.45992,16.441118
20210413,C:\junha\Datasets\LTDv2\frames\frames\20210413\clip_27_1202\image_0079.jpg,3,-54.683365,14.009371
20210413,C:\junha\Datasets\LTDv2\frames\frames\20210413\clip_27_1202\image_0080.jpg,3,-54.61617,14.048435
20210413,C:\junha\Datasets\LTDv2\frames\frames\20210413\clip_27_1202\image_0081.jpg,2,-54.662777,12.956993
20210413,C:\junha\Datasets\LTDv2\frames\frames\20210413\clip_27_1202\image_0082.jpg,2,-54.63918,13.134217
20210413,C:\junha\Datasets\LTDv2\frames\frames\20210413\clip_27_1202\image_0083.jpg,3,-50.010994,16.82521
20210413,C:\junha\Datasets\LTDv2\frames\frames\20210413\clip_27_1202\image_0084.jpg,3,-50.40028,16.765293
20210413,C:\junha\Datasets\LTDv2\frames\frames\20210413\clip_27_1202\image_0085.jpg,3,-49.7463,17.466059
20210413,C:\junha\Datasets\LTDv2\frames\frames\20210413\clip_27_1202\image_0086.jpg,3,-49.068092,17.94677
20210413,C:\junha\Datasets\LTDv2\frames\frames\20210413\clip_27_1202\image_0087.jpg,3,-49.77752,13.215215
20210413,C:\junha\Datasets\LTDv2\frames\frames\20210413\clip_27_1202\image_0088.jpg,3,-49.815575,13.246692
20210413,C:\junha\Datasets\LTDv2\frames\frames\20210413\clip_27_1202\image_0089.jpg,3,-49.82105,11.470182
20210413,C:\junha\Datasets\LTDv2\frames\frames\20210413\clip_27_1202\image_0090.jpg,3,-49.844654,11.588644
20210413,C:\junha\Datasets\LTDv2\frames\frames\20210413\clip_27_1202\image_0091.jpg,2,-51.410305,9.939054
20210413,C:\junha\Datasets\LTDv2\frames\frames\20210413\clip_27_1202\image_0092.jpg,3,-51.563393,10.193224
20210413,C:\junha\Datasets\LTDv2\frames\frames\20210413\clip_27_1202\image_0093.jpg,2,-50.555733,9.953528
20210413,C:\junha\Datasets\LTDv2\frames\frames\20210413\clip_27_1202\image_0094.jpg,3,-50.338726,9.793928
20210413,C:\junha\Datasets\LTDv2\frames\frames\20210413\clip_27_1202\image_0095.jpg,2,-53.26054,8.519263
20210413,C:\junha\Datasets\LTDv2\frames\frames\20210413\clip_27_1202\image_0096.jpg,2,-49.884262,9.759725
20210413,C:\junha\Datasets\LTDv2\frames\frames\20210413\clip_27_1202\image_0097.jpg,2,-49.669514,9.779627
20210413,C:\junha\Datasets\LTDv2\frames\frames\20210413\clip_27_1202\image_0098.jpg,3,-49.74387,9.756693
20210413,C:\junha\Datasets\LTDv2\frames\frames\20210413\clip_27_1202\image_0099.jpg,2,-52.738518,8.282889
20210413,C:\junha\Datasets\LTDv2\frames\frames\20210413\clip_27_1202\image_0100.jpg,2,-52.932755,8.369851
20210413,C:\junha\Datasets\LTDv2\frames\frames\20210413\clip_27_1202\image_0101.jpg,2,-53.247047,8.660152
20210413,C:\junha\Datasets\LTDv2\frames\frames\20210413\clip_27_1202\image_0102.jpg,2,-53.255184,8.812058
20210413,C:\junha\Datasets\LTDv2\frames\frames\20210413\clip_27_1202\image_0103.jpg,2,-50.781742,8.932263
20210413,C:\junha\Datasets\LTDv2\frames\frames\20210413\clip_27_1202\image_0104.jpg,3,-50.41388,9.011525
20210413,C:\junha\Datasets\LTDv2\frames\frames\20210413\clip_27_1202\image_0105.jpg,3,-45.52981,12.515763
20210413,C:\junha\Datasets\LTDv2\frames\frames\20210413\clip_27_1202\image_0106.jpg,3,-45.719975,12.307875
20210413,C:\junha\Datasets\LTDv2\frames\frames\20210413\clip_27_1202\image_0107.jpg,2,-51.17044,9.636647
20210413,C:\junha\Datasets\LTDv2\frames\frames\20210413\clip_27_1202\image_0108.jpg,3,-50.397644,9.262799
20210413,C:\junha\Datasets\LTDv2\frames\frames\20210413\clip_27_1202\image_0109.jpg,3,-44.30446,12.9891405
20210413,C:\junha\Datasets\LTDv2\frames\frames\20210413\clip_27_1202\image_0110.jpg,3,-44.350254,13.080966
20210413,C:\junha\Datasets\LTDv2\frames\frames\20210413\clip_27_1202\image_0111.jpg,3,-44.41547,15.158088
20210413,C:\junha\Datasets\LTDv2\frames\frames\20210413\clip_27_1202\image_0112.jpg,3,-44.355404,15.209724
20210413,C:\junha\Datasets\LTDv2\frames\frames\20210413\clip_27_1202\image_0113.jpg,3,-46.491287,13.8146305
20210413,C:\junha\Datasets\LTDv2\frames\frames\20210413\clip_27_1202\image_0114.jpg,3,-46.586117,13.709143
20210413,C:\junha\Datasets\LTDv2\frames\frames\20210413\clip_27_1202\image_0115.jpg,3,-47.4568,12.206269
20210413,C:\junha\Datasets\LTDv2\frames\frames\20210413\clip_27_1202\image_0116.jpg,3,-47.093834,12.5002775
20210413,C:\junha\Datasets\LTDv2\frames\frames\20210413\clip_27_1202\image_0117.jpg,3,-44.59382,14.170956
20210413,C:\junha\Datasets\LTDv2\frames\frames\20210413\clip_27_1202\image_0118.jpg,3,-44.667213,13.932348
20210413,C:\junha\Datasets\LTDv2\frames\frames\20210413\clip_27_1202\image_0119.jpg,3,-45.077713,13.53664
20210413,C:\junha\Datasets\LTDv2\frames\frames\20210413\clip_28_1230\image_0000.jpg,8,-29.588821,5.4433284
20210413,C:\junha\Datasets\LTDv2\frames\frames\20210413\clip_28_1230\image_0001.jpg,8,-29.602476,5.442449
20210413,C:\junha\Datasets\LTDv2\frames\frames\20210413\clip_28_1230\image_0002.jpg,8,-29.50945,5.464276
20210413,C:\junha\Datasets\LTDv2\frames\frames\20210413\clip_28_1230\image_0003.jpg,3,-32.679775,6.3148746
20210413,C:\junha\Datasets\LTDv2\frames\frames\20210413\clip_28_1230\image_0004.jpg,3,-32.05367,6.521623
20210413,C:\junha\Datasets\LTDv2\frames\frames\20210413\clip_28_1230\image_0005.jpg,8,-31.773499,6.4795694
20210413,C:\junha\Datasets\LTDv2\frames\frames\20210413\clip_28_1230\image_0006.jpg,3,-31.751827,6.068405
20210413,C:\junha\Datasets\LTDv2\frames\frames\20210413\clip_28_1230\image_0007.jpg,8,-31.032639,5.8524466
20210413,C:\junha\Datasets\LTDv2\frames\frames\20210413\clip_28_1230\image_0008.jpg,8,-29.63373,5.426098
20210413,C:\junha\Datasets\LTDv2\frames\frames\20210413\clip_28_1230\image_0009.jpg,3,-36.691273,7.4101367
20210413,C:\junha\Datasets\LTDv2\frames\frames\20210413\clip_28_1230\image_0010.jpg,3,-36.542297,7.8159685
20210413,C:\junha\Datasets\LTDv2\frames\frames\20210413\clip_28_1230\image_0011.jpg,3,-36.583576,7.881023
20210413,C:\junha\Datasets\LTDv2\frames\frames\20210413\clip_28_1230\image_0012.jpg,2,-37.92528,13.1483
20210413,C:\junha\Datasets\LTDv2\frames\frames\20210413\clip_28_1230\image_0013.jpg,3,-36.558475,7.4571466
20210413,C:\junha\Datasets\LTDv2\frames\frames\20210413\clip_28_1230\image_0014.jpg,3,-36.78291,7.200264
20210413,C:\junha\Datasets\LTDv2\frames\frames\20210413\clip_28_1230\image_0015.jpg,3,-36.711555,7.1743174
20210413,C:\junha\Datasets\LTDv2\frames\frames\20210413\clip_28_1230\image_0016.jpg,3,-37.002724,7.7466927
20210413,C:\junha\Datasets\LTDv2\frames\frames\20210413\clip_28_1230\image_0017.jpg,3,-34.613155,5.740649
20210413,C:\junha\Datasets\LTDv2\frames\frames\20210413\clip_28_1230\image_0018.jpg,3,-33.43053,5.218852
20210413,C:\junha\Datasets\LTDv2\frames\frames\20210413\clip_28_1230\image_0019.jpg,3,-31.432085,5.212839
20210413,C:\junha\Datasets\LTDv2\frames\frames\20210413\clip_28_1230\image_0020.jpg,3,-35.157223,5.7434435
20210413,C:\junha\Datasets\LTDv2\frames\frames\20210413\clip_28_1230\image_0021.jpg,3,-35.903522,7.3512836
20210413,C:\junha\Datasets\LTDv2\frames\frames\20210413\clip_28_1230\image_0022.jpg,3,-35.533752,6.0079336
20210413,C:\junha\Datasets\LTDv2\frames\frames\20210413\clip_28_1230\image_0023.jpg,3,-34.876026,5.86042
20210413,C:\junha\Datasets\LTDv2\frames\frames\20210413\clip_28_1230\image_0024.jpg,3,-35.771164,7.088731
20210413,C:\junha\Datasets\LTDv2\frames\frames\20210413\clip_28_1230\image_0025.jpg,3,-34.98282,6.679099
20210413,C:\junha\Datasets\LTDv2\frames\frames\20210413\clip_28_1230\image_0026.jpg,3,-34.91621,6.7830596
20210413,C:\junha\Datasets\LTDv2\frames\frames\20210413\clip_28_1230\image_0027.jpg,3,-35.140972,6.7427096
20210413,C:\junha\Datasets\LTDv2\frames\frames\20210413\clip_28_1230\image_0028.jpg,3,-31.274336,4.497518
20210413,C:\junha\Datasets\LTDv2\frames\frames\20210413\clip_28_1230\image_0029.jpg,3,-35.70917,2.7739713
20210413,C:\junha\Datasets\LTDv2\frames\frames\20210413\clip_28_1230\image_0030.jpg,3,-46.089966,5.419411
20210413,C:\junha\Datasets\LTDv2\frames\frames\20210413\clip_28_1230\image_0031.jpg,3,-39.3302,5.88336
20210413,C:\junha\Datasets\LTDv2\frames\frames\20210413\clip_28_1230\image_0032.jpg,3,-35.533802,3.5149014
20210413,C:\junha\Datasets\LTDv2\frames\frames\20210413\clip_28_1230\image_0033.jpg,3,-35.46491,3.6468103
20210413,C:\junha\Datasets\LTDv2\frames\frames\20210413\clip_28_1230\image_0034.jpg,3,-45.122585,2.5966146
20210413,C:\junha\Datasets\LTDv2\frames\frames\20210413\clip_28_1230\image_0035.jpg,3,-44.463142,0.64545614
20210413,C:\junha\Datasets\LTDv2\frames\frames\20210413\clip_28_1230\image_0036.jpg,2,-48.11196,0.7732724
20210413,C:\junha\Datasets\LTDv2\frames\frames\20210413\clip_28_1230\image_0037.jpg,3,-44.596832,0.4946164
20210413,C:\junha\Datasets\LTDv2\frames\frames\20210413\clip_28_1230\image_0038.jpg,3,-44.86753,0.6052389
20210413,C:\junha\Datasets\LTDv2\frames\frames\20210413\clip_28_1230\image_0039.jpg,3,-47.548668,-0.53241783
20210413,C:\junha\Datasets\LTDv2\frames\frames\20210413\clip_28_1230\image_0040.jpg,3,-47.459133,-0.9074422
20210413,C:\junha\Datasets\LTDv2\frames\frames\20210413\clip_28_1230\image_0041.jpg,3,-47.612473,-1.1789048
20210413,C:\junha\Datasets\LTDv2\frames\frames\20210413\clip_28_1230\image_0042.jpg,3,-40.323,-0.039766427
20210413,C:\junha\Datasets\LTDv2\frames\frames\20210413\clip_28_1230\image_0043.jpg,3,-40.8362,0.2203136
20210413,C:\junha\Datasets\LTDv2\frames\frames\20210413\clip_28_1230\image_0044.jpg,3,-40.96603,0.23026827
20210413,C:\junha\Datasets\LTDv2\frames\frames\20210413\clip_28_1230\image_0045.jpg,3,-42.545876,0.44372723
20210413,C:\junha\Datasets\LTDv2\frames\frames\20210413\clip_28_1230\image_0046.jpg,2,-47.92926,0.73338884
20210413,C:\junha\Datasets\LTDv2\frames\frames\20210413\clip_28_1230\image_0047.jpg,3,-42.472126,0.6814962
20210413,C:\junha\Datasets\LTDv2\frames\frames\20210413\clip_28_1230\image_0048.jpg,3,-44.736835,0.63014424
20210413,C:\junha\Datasets\LTDv2\frames\frames\20210413\clip_28_1230\image_0049.jpg,3,-44.703022,0.45768288
20210413,C:\junha\Datasets\LTDv2\frames\frames\20210413\clip_28_1230\image_0050.jpg,3,-45.96165,1.4990442
20210413,C:\junha\Datasets\LTDv2\frames\frames\20210413\clip_28_1230\image_0051.jpg,3,-46.001076,1.3908372
20210413,C:\junha\Datasets\LTDv2\frames\frames\20210413\clip_28_1230\image_0052.jpg,3,-45.932995,1.0699435
20210413,C:\junha\Datasets\LTDv2\frames\frames\20210413\clip_28_1230\image_0053.jpg,3,-42.79259,1.0608901
20210413,C:\junha\Datasets\LTDv2\frames\frames\20210413\clip_28_1230\image_0054.jpg,3,-42.76832,1.2402163
20210413,C:\junha\Datasets\LTDv2\frames\frames\20210413\clip_28_1230\image_0055.jpg,3,-46.812683,0.5186753
20210413,C:\junha\Datasets\LTDv2\frames\frames\20210413\clip_28_1230\image_0056.jpg,2,-46.966927,0.64490235
20210413,C:\junha\Datasets\LTDv2\frames\frames\20210413\clip_28_1230\image_0057.jpg,3,-43.033066,0.30175832
20210413,C:\junha\Datasets\LTDv2\frames\frames\20210413\clip_28_1230\image_0058.jpg,3,-41.47119,0.44941393
20210413,C:\junha\Datasets\LTDv2\frames\frames\20210413\clip_28_1230\image_0059.jpg,3,-46.545887,-0.6168048
20210413,C:\junha\Datasets\LTDv2\frames\frames\20210413\clip_28_1230\image_0060.jpg,3,-45.745224,-0.47801757
20210413,C:\junha\Datasets\LTDv2\frames\frames\20210413\clip_28_1230\image_0061.jpg,3,-46.070873,-0.68558633
20210413,C:\junha\Datasets\LTDv2\frames\frames\20210413\clip_28_1230\image_0062.jpg,3,-46.664642,-0.40817335
20210413,C:\junha\Datasets\LTDv2\frames\frames\20210413\clip_28_1230\image_0063.jpg,3,-47.215225,-0.7867075
20210413,C:\junha\Datasets\LTDv2\frames\frames\20210413\clip_28_1230\image_0064.jpg,3,-45.955853,-0.6806973
20210413,C:\junha\Datasets\LTDv2\frames\frames\20210413\clip_28_1230\image_0065.jpg,3,-45.8214,-0.5617302
20210413,C:\junha\Datasets\LTDv2\frames\frames\20210413\clip_28_1230\image_0066.jpg,3,-47.465157,-1.3227172
20210413,C:\junha\Datasets\LTDv2\frames\frames\20210413\clip_28_1230\image_0067.jpg,3,-47.120228,-0.80917627
20210413,C:\junha\Datasets\LTDv2\frames\frames\20210413\clip_28_1230\image_0068.jpg,2,-48.20796,-0.42160678
20210413,C:\junha\Datasets\LTDv2\frames\frames\20210413\clip_28_1230\image_0069.jpg,3,-42.588726,0.38526168
20210413,C:\junha\Datasets\LTDv2\frames\frames\20210413\clip_28_1230\image_0070.jpg,2,-46.932964,0.9668214
20210413,C:\junha\Datasets\LTDv2\frames\frames\20210413\clip_28_1230\image_0071.jpg,3,-46.684616,0.011200095
20210413,C:\junha\Datasets\LTDv2\frames\frames\20210413\clip_28_1230\image_0072.jpg,3,-47.021187,0.17450626
20210413,C:\junha\Datasets\LTDv2\frames\frames\20210413\clip_28_1230\image_0073.jpg,3,-43.396458,-0.35680658
20210413,C:\junha\Datasets\LTDv2\frames\frames\20210413\clip_28_1230\image_0074.jpg,3,-47.518795,-1.0208112
20210413,C:\junha\Datasets\LTDv2\frames\frames\20210413\clip_28_1230\image_0075.jpg,2,-48.449,-0.4181597
20210413,C:\junha\Datasets\LTDv2\frames\frames\20210413\clip_28_1230\image_0076.jpg,3,-42.15902,1.5151685
20210413,C:\junha\Datasets\LTDv2\frames\frames\20210413\clip_28_1230\image_0077.jpg,3,-41.799667,1.2964056
20210413,C:\junha\Datasets\LTDv2\frames\frames\20210413\clip_28_1230\image_0078.jpg,3,-44.254158,-1.014312
20210413,C:\junha\Datasets\LTDv2\frames\frames\20210413\clip_28_1230\image_0079.jpg,3,-45.06515,-0.92450935
20210413,C:\junha\Datasets\LTDv2\frames\frames\20210413\clip_28_1230\image_0080.jpg,3,-40.916077,6.1642094
20210413,C:\junha\Datasets\LTDv2\frames\frames\20210413\clip_28_1230\image_0081.jpg,3,-32.517826,4.8860054
20210413,C:\junha\Datasets\LTDv2\frames\frames\20210413\clip_28_1230\image_0082.jpg,3,-32.58666,4.931772
20210413,C:\junha\Datasets\LTDv2\frames\frames\20210413\clip_28_1230\image_0083.jpg,3,-38.367104,6.064093
20210413,C:\junha\Datasets\LTDv2\frames\frames\20210413\clip_28_1230\image_0084.jpg,3,-39.215282,6.058255
20210413,C:\junha\Datasets\LTDv2\frames\frames\20210413\clip_28_1230\image_0085.jpg,3,-39.371468,6.081106
20210413,C:\junha\Datasets\LTDv2\frames\frames\20210413\clip_28_1230\image_0086.jpg,3,-39.66599,6.136486
20210413,C:\junha\Datasets\LTDv2\frames\frames\20210413\clip_28_1230\image_0087.jpg,3,-31.370142,5.6152616
20210413,C:\junha\Datasets\LTDv2\frames\frames\20210413\clip_28_1230\image_0088.jpg,2,-37.94396,13.165544
20210413,C:\junha\Datasets\LTDv2\frames\frames\20210413\clip_28_1230\image_0089.jpg,2,-51.71327,5.6351438
20210413,C:\junha\Datasets\LTDv2\frames\frames\20210413\clip_28_1230\image_0090.jpg,2,-51.80344,5.7326713
20210413,C:\junha\Datasets\LTDv2\frames\frames\20210413\clip_28_1230\image_0091.jpg,3,-34.63923,10.2839575
20210413,C:\junha\Datasets\LTDv2\frames\frames\20210413\clip_28_1230\image_0092.jpg,6,-34.36861,10.022839
20210413,C:\junha\Datasets\LTDv2\frames\frames\20210413\clip_28_1230\image_0093.jpg,6,-32.996357,8.796729
20210413,C:\junha\Datasets\LTDv2\frames\frames\20210413\clip_28_1230\image_0094.jpg,6,-34.271523,9.634319
20210413,C:\junha\Datasets\LTDv2\frames\frames\20210413\clip_28_1230\image_0095.jpg,3,-34.224434,9.017255
20210413,C:\junha\Datasets\LTDv2\frames\frames\20210413\clip_28_1230\image_0096.jpg,6,-33.339844,7.9370704
20210413,C:\junha\Datasets\LTDv2\frames\frames\20210413\clip_28_1230\image_0097.jpg,6,-34.2379,8.506882
20210413,C:\junha\Datasets\LTDv2\frames\frames\20210413\clip_28_1230\image_0098.jpg,3,-34.562286,7.7066226
20210413,C:\junha\Datasets\LTDv2\frames\frames\20210413\clip_28_1230\image_0099.jpg,3,-33.066013,6.869958
20210413,C:\junha\Datasets\LTDv2\frames\frames\20210413\clip_28_1230\image_0100.jpg,3,-33.08268,6.8354883
20210413,C:\junha\Datasets\LTDv2\frames\frames\20210413\clip_28_1230\image_0101.jpg,3,-33.601795,4.812774
20210413,C:\junha\Datasets\LTDv2\frames\frames\20210413\clip_28_1230\image_0102.jpg,3,-36.405315,4.6976657
20210413,C:\junha\Datasets\LTDv2\frames\frames\20210413\clip_28_1230\image_0103.jpg,3,-34.40558,3.9383419
20210413,C:\junha\Datasets\LTDv2\frames\frames\20210413\clip_28_1230\image_0104.jpg,3,-34.18335,4.473366
20210413,C:\junha\Datasets\LTDv2\frames\frames\20210413\clip_28_1230\image_0105.jpg,3,-34.663334,4.622023
20210413,C:\junha\Datasets\LTDv2\frames\frames\20210413\clip_28_1230\image_0106.jpg,3,-34.258335,4.585772
20210413,C:\junha\Datasets\LTDv2\frames\frames\20210413\clip_28_1230\image_0107.jpg,3,-35.39172,5.122399
20210413,C:\junha\Datasets\LTDv2\frames\frames\20210413\clip_28_1230\image_0108.jpg,3,-35.707325,4.9414124
20210413,C:\junha\Datasets\LTDv2\frames\frames\20210413\clip_28_1230\image_0109.jpg,3,-36.51053,5.309052
20210413,C:\junha\Datasets\LTDv2\frames\frames\20210413\clip_28_1230\image_0110.jpg,3,-36.76225,5.539923
20210413,C:\junha\Datasets\LTDv2\frames\frames\20210413\clip_28_1230\image_0111.jpg,3,-34.91722,4.837841
20210413,C:\junha\Datasets\LTDv2\frames\frames\20210413\clip_28_1230\image_0112.jpg,3,-36.210384,5.1555877
20210413,C:\junha\Datasets\LTDv2\frames\frames\20210413\clip_28_1230\image_0113.jpg,3,-35.34386,4.9546638
20210413,C:\junha\Datasets\LTDv2\frames\frames\20210413\clip_28_1230\image_0114.jpg,3,-33.04214,5.2443004
20210413,C:\junha\Datasets\LTDv2\frames\frames\20210413\clip_28_1230\image_0115.jpg,3,-31.809748,5.235588
20210413,C:\junha\Datasets\LTDv2\frames\frames\20210413\clip_28_1230\image_0116.jpg,3,-34.40338,5.285985
20210413,C:\junha\Datasets\LTDv2\frames\frames\20210413\clip_28_1230\image_0117.jpg,3,-36.09096,5.401783
20210413,C:\junha\Datasets\LTDv2\frames\frames\20210413\clip_28_1230\image_0118.jpg,3,-34.262238,5.0229726
20210413,C:\junha\Datasets\LTDv2\frames\frames\20210413\clip_28_1230\image_0119.jpg,3,-35.267937,4.5867352
20210413,C:\junha\Datasets\LTDv2\frames\frames\20210413\clip_29_1258\image_0000.jpg,3,-58.8396,-12.955061
20210413,C:\junha\Datasets\LTDv2\frames\frames\20210413\clip_29_1258\image_0001.jpg,3,-58.728107,-13.130804
20210413,C:\junha\Datasets\LTDv2\frames\frames\20210413\clip_29_1258\image_0002.jpg,3,-58.8144,-12.630815
20210413,C:\junha\Datasets\LTDv2\frames\frames\20210413\clip_29_1258\image_0003.jpg,3,-59.24413,-12.745751
20210413,C:\junha\Datasets\LTDv2\frames\frames\20210413\clip_29_1258\image_0004.jpg,3,-60.89681,-12.557932
20210413,C:\junha\Datasets\LTDv2\frames\frames\20210413\clip_29_1258\image_0005.jpg,3,-60.213295,-12.51876
20210413,C:\junha\Datasets\LTDv2\frames\frames\20210413\clip_29_1258\image_0006.jpg,3,-59.78274,-12.356084
20210413,C:\junha\Datasets\LTDv2\frames\frames\20210413\clip_29_1258\image_0007.jpg,3,-58.886303,-12.940101
20210413,C:\junha\Datasets\LTDv2\frames\frames\20210413\clip_29_1258\image_0008.jpg,3,-59.356823,-12.526171
20210413,C:\junha\Datasets\LTDv2\frames\frames\20210413\clip_29_1258\image_0009.jpg,3,-54.904427,-8.283325
20210413,C:\junha\Datasets\LTDv2\frames\frames\20210413\clip_29_1258\image_0010.jpg,3,-60.219387,-11.691794
20210413,C:\junha\Datasets\LTDv2\frames\frames\20210413\clip_29_1258\image_0011.jpg,3,-58.163746,-12.381918
20210413,C:\junha\Datasets\LTDv2\frames\frames\20210413\clip_29_1258\image_0012.jpg,3,-58.738216,-11.944696
20210413,C:\junha\Datasets\LTDv2\frames\frames\20210413\clip_29_1258\image_0013.jpg,3,-59.119007,-12.496095
20210413,C:\junha\Datasets\LTDv2\frames\frames\20210413\clip_29_1258\image_0014.jpg,3,-56.698338,-12.549844
20210413,C:\junha\Datasets\LTDv2\frames\frames\20210413\clip_29_1258\image_0015.jpg,3,-55.964962,-12.3290205
20210413,C:\junha\Datasets\LTDv2\frames\frames\20210413\clip_29_1258\image_0016.jpg,3,-55.842228,-12.363257
20210413,C:\junha\Datasets\LTDv2\frames\frames\20210413\clip_29_1258\image_0017.jpg,3,-64.33479,-11.942616
20210413,C:\junha\Datasets\LTDv2\frames\frames\20210413\clip_29_1258\image_0018.jpg,3,-64.00676,-11.935745
20210413,C:\junha\Datasets\LTDv2\frames\frames\20210413\clip_29_1258\image_0019.jpg,3,-60.14568,-11.164071
20210413,C:\junha\Datasets\LTDv2\frames\frames\20210413\clip_29_1258\image_0020.jpg,3,-60.04158,-11.001267
20210413,C:\junha\Datasets\LTDv2\frames\frames\20210413\clip_29_1258\image_0021.jpg,3,-59.80166,-11.510218
20210413,C:\junha\Datasets\LTDv2\frames\frames\20210413\clip_29_1258\image_0022.jpg,3,-59.204338,-11.321302
20210413,C:\junha\Datasets\LTDv2\frames\frames\20210413\clip_29_1258\image_0023.jpg,3,-58.46528,-11.104294
20210413,C:\junha\Datasets\LTDv2\frames\frames\20210413\clip_29_1258\image_0024.jpg,3,-58.485607,-10.8688545
20210413,C:\junha\Datasets\LTDv2\frames\frames\20210413\clip_29_1258\image_0025.jpg,3,-57.629635,-10.295842
20210413,C:\junha\Datasets\LTDv2\frames\frames\20210413\clip_29_1258\image_0026.jpg,3,-57.417915,-10.099927
20210413,C:\junha\Datasets\LTDv2\frames\frames\20210413\clip_29_1258\image_0027.jpg,3,-55.204147,-9.674909
20210413,C:\junha\Datasets\LTDv2\frames\frames\20210413\clip_29_1258\image_0028.jpg,3,-57.111057,-12.157648
20210413,C:\junha\Datasets\LTDv2\frames\frames\20210413\clip_29_1258\image_0029.jpg,3,-61.515324,-12.94495
20210413,C:\junha\Datasets\LTDv2\frames\frames\20210413\clip_29_1258\image_0030.jpg,3,-61.93007,-12.651736
20210413,C:\junha\Datasets\LTDv2\frames\frames\20210413\clip_29_1258\image_0031.jpg,3,-59.956055,-11.949426
20210413,C:\junha\Datasets\LTDv2\frames\frames\20210413\clip_29_1258\image_0032.jpg,3,-59.651012,-9.412132
20210413,C:\junha\Datasets\LTDv2\frames\frames\20210413\clip_29_1258\image_0033.jpg,3,-55.03201,-5.97493
20210413,C:\junha\Datasets\LTDv2\frames\frames\20210413\clip_29_1258\image_0034.jpg,3,-54.7277,-5.9274545
20210413,C:\junha\Datasets\LTDv2\frames\frames\20210413\clip_29_1258\image_0035.jpg,3,-54.47879,-6.1179533
20210413,C:\junha\Datasets\LTDv2\frames\frames\20210413\clip_29_1258\image_0036.jpg,3,-54.708397,-5.8905444
20210413,C:\junha\Datasets\LTDv2\frames\frames\20210413\clip_29_1258\image_0037.jpg,3,-56.193527,-6.6020436
20210413,C:\junha\Datasets\LTDv2\frames\frames\20210413\clip_29_1258\image_0038.jpg,3,-53.961506,-5.9722834
20210413,C:\junha\Datasets\LTDv2\frames\frames\20210413\clip_29_1258\image_0039.jpg,3,-53.99734,-6.2393637
20210413,C:\junha\Datasets\LTDv2\frames\frames\20210413\clip_29_1258\image_0040.jpg,3,-55.91426,-8.753226
20210413,C:\junha\Datasets\LTDv2\frames\frames\20210413\clip_29_1258\image_0041.jpg,3,-56.57318,-8.762743
20210413,C:\junha\Datasets\LTDv2\frames\frames\20210413\clip_29_1258\image_0042.jpg,3,-57.149227,-9.027556
20210413,C:\junha\Datasets\LTDv2\frames\frames\20210413\clip_29_1258\image_0043.jpg,3,-56.034508,-9.202507
20210413,C:\junha\Datasets\LTDv2\frames\frames\20210413\clip_29_1258\image_0044.jpg,3,-56.264233,-9.5466585
20210413,C:\junha\Datasets\LTDv2\frames\frames\20210413\clip_29_1258\image_0045.jpg,3,-57.860107,-10.253508
20210413,C:\junha\Datasets\LTDv2\frames\frames\20210413\clip_29_1258\image_0046.jpg,3,-57.95058,-9.598835
20210413,C:\junha\Datasets\LTDv2\frames\frames\20210413\clip_29_1258\image_0047.jpg,3,-55.537262,-9.517655
20210413,C:\junha\Datasets\LTDv2\frames\frames\20210413\clip_29_1258\image_0048.jpg,3,-55.3779,-9.642689
20210413,C:\junha\Datasets\LTDv2\frames\frames\20210413\clip_29_1258\image_0049.jpg,3,-56.70995,-11.129678
20210413,C:\junha\Datasets\LTDv2\frames\frames\20210413\clip_29_1258\image_0050.jpg,3,-57.140648,-11.217495
20210413,C:\junha\Datasets\LTDv2\frames\frames\20210413\clip_29_1258\image_0051.jpg,3,-57.3679,-12.175907
20210413,C:\junha\Datasets\LTDv2\frames\frames\20210413\clip_29_1258\image_0052.jpg,3,-56.59782,-11.285304
20210413,C:\junha\Datasets\LTDv2\frames\frames\20210413\clip_29_1258\image_0053.jpg,3,-57.402763,-11.247927
20210413,C:\junha\Datasets\LTDv2\frames\frames\20210413\clip_29_1258\image_0054.jpg,3,-57.11553,-10.781501
20210413,C:\junha\Datasets\LTDv2\frames\frames\20210413\clip_29_1258\image_0055.jpg,3,-58.040535,-9.89509
20210413,C:\junha\Datasets\LTDv2\frames\frames\20210413\clip_29_1258\image_0056.jpg,3,-58.288708,-10.061878
20210413,C:\junha\Datasets\LTDv2\frames\frames\20210413\clip_29_1258\image_0057.jpg,3,-58.32039,-10.7225685
20210413,C:\junha\Datasets\LTDv2\frames\frames\20210413\clip_29_1258\image_0058.jpg,3,-57.192474,-10.249731
20210413,C:\junha\Datasets\LTDv2\frames\frames\20210413\clip_29_1258\image_0059.jpg,3,-53.090946,-6.8836484
20210413,C:\junha\Datasets\LTDv2\frames\frames\20210413\clip_29_1258\image_0060.jpg,3,-53.506958,-7.2012434
20210413,C:\junha\Datasets\LTDv2\frames\frames\20210413\clip_29_1258\image_0061.jpg,3,-53.4744,-7.5338426
20210413,C:\junha\Datasets\LTDv2\frames\frames\20210413\clip_29_1258\image_0062.jpg,3,-53.744583,-7.8209834
20210413,C:\junha\Datasets\LTDv2\frames\frames\20210413\clip_29_1258\image_0063.jpg,3,-53.84875,-7.909685
20210413,C:\junha\Datasets\LTDv2\frames\frames\20210413\clip_29_1258\image_0064.jpg,3,-53.796116,-7.919552
20210413,C:\junha\Datasets\LTDv2\frames\frames\20210413\clip_29_1258\image_0065.jpg,3,-54.198925,-8.0614195
20210413,C:\junha\Datasets\LTDv2\frames\frames\20210413\clip_29_1258\image_0066.jpg,3,-54.08773,-8.081358
20210413,C:\junha\Datasets\LTDv2\frames\frames\20210413\clip_29_1258\image_0067.jpg,3,-59.726864,-10.64414
20210413,C:\junha\Datasets\LTDv2\frames\frames\20210413\clip_29_1258\image_0068.jpg,3,-59.65332,-10.442607
20210413,C:\junha\Datasets\LTDv2\frames\frames\20210413\clip_29_1258\image_0069.jpg,3,-55.771584,-7.9053392
20210413,C:\junha\Datasets\LTDv2\frames\frames\20210413\clip_29_1258\image_0070.jpg,3,-55.996967,-7.8201957
20210413,C:\junha\Datasets\LTDv2\frames\frames\20210413\clip_29_1258\image_0071.jpg,3,-55.895695,-7.483338
20210413,C:\junha\Datasets\LTDv2\frames\frames\20210413\clip_29_1258\image_0072.jpg,3,-56.55298,-7.2369905
20210413,C:\junha\Datasets\LTDv2\frames\frames\20210413\clip_29_1258\image_0073.jpg,3,-57.183792,-6.9197474
20210413,C:\junha\Datasets\LTDv2\frames\frames\20210413\clip_29_1258\image_0074.jpg,3,-58.188595,-7.5182586
20210413,C:\junha\Datasets\LTDv2\frames\frames\20210413\clip_29_1258\image_0075.jpg,3,-57.101963,-7.487038
20210413,C:\junha\Datasets\LTDv2\frames\frames\20210413\clip_29_1258\image_0076.jpg,3,-57.330185,-7.5124817
20210413,C:\junha\Datasets\LTDv2\frames\frames\20210413\clip_29_1258\image_0077.jpg,3,-57.08131,-7.0012665
20210413,C:\junha\Datasets\LTDv2\frames\frames\20210413\clip_29_1258\image_0078.jpg,3,-57.169518,-7.331554
20210413,C:\junha\Datasets\LTDv2\frames\frames\20210413\clip_29_1258\image_0079.jpg,3,-58.236366,-13.315843
20210413,C:\junha\Datasets\LTDv2\frames\frames\20210413\clip_29_1258\image_0080.jpg,3,-58.158585,-13.129841
20210413,C:\junha\Datasets\LTDv2\frames\frames\20210413\clip_29_1258\image_0081.jpg,3,-62.46801,-10.72936
20210413,C:\junha\Datasets\LTDv2\frames\frames\20210413\clip_29_1258\image_0082.jpg,3,-62.790115,-11.063246
20210413,C:\junha\Datasets\LTDv2\frames\frames\20210413\clip_29_1258\image_0083.jpg,3,-63.341732,-11.404865
20210413,C:\junha\Datasets\LTDv2\frames\frames\20210413\clip_29_1258\image_0084.jpg,3,-63.28746,-11.462394
20210413,C:\junha\Datasets\LTDv2\frames\frames\20210413\clip_29_1258\image_0085.jpg,3,-63.19846,-11.8897085
20210413,C:\junha\Datasets\LTDv2\frames\frames\20210413\clip_29_1258\image_0086.jpg,3,-63.398495,-11.799507
20210413,C:\junha\Datasets\LTDv2\frames\frames\20210413\clip_29_1258\image_0087.jpg,3,-61.083935,-10.426634
20210413,C:\junha\Datasets\LTDv2\frames\frames\20210413\clip_29_1258\image_0088.jpg,3,-61.053806,-10.203763
20210413,C:\junha\Datasets\LTDv2\frames\frames\20210413\clip_29_1258\image_0089.jpg,3,-60.351326,-8.016879
20210413,C:\junha\Datasets\LTDv2\frames\frames\20210413\clip_29_1258\image_0090.jpg,3,-60.463768,-7.955039
20210413,C:\junha\Datasets\LTDv2\frames\frames\20210413\clip_29_1258\image_0091.jpg,3,-61.214157,-6.9393015
20210413,C:\junha\Datasets\LTDv2\frames\frames\20210413\clip_29_1258\image_0092.jpg,3,-62.197533,-8.232754
20210413,C:\junha\Datasets\LTDv2\frames\frames\20210413\clip_29_1258\image_0093.jpg,3,-62.155624,-12.976497
20210413,C:\junha\Datasets\LTDv2\frames\frames\20210413\clip_29_1258\image_0094.jpg,3,-62.473476,-12.725359
20210413,C:\junha\Datasets\LTDv2\frames\frames\20210413\clip_29_1258\image_0095.jpg,3,-62.87154,-12.177767
20210413,C:\junha\Datasets\LTDv2\frames\frames\20210413\clip_29_1258\image_0096.jpg,3,-62.78062,-11.989058
20210413,C:\junha\Datasets\LTDv2\frames\frames\20210413\clip_29_1258\image_0097.jpg,3,-62.66389,-11.632296
20210413,C:\junha\Datasets\LTDv2\frames\frames\20210413\clip_29_1258\image_0098.jpg,3,-62.594772,-11.60064
20210413,C:\junha\Datasets\LTDv2\frames\frames\20210413\clip_29_1258\image_0099.jpg,3,-59.828312,-9.155463
20210413,C:\junha\Datasets\LTDv2\frames\frames\20210413\clip_29_1258\image_0100.jpg,3,-59.98196,-9.019599
20210413,C:\junha\Datasets\LTDv2\frames\frames\20210413\clip_29_1258\image_0101.jpg,3,-60.699394,-9.219487
20210413,C:\junha\Datasets\LTDv2\frames\frames\20210413\clip_29_1258\image_0102.jpg,3,-60.976498,-9.343569
20210413,C:\junha\Datasets\LTDv2\frames\frames\20210413\clip_29_1258\image_0103.jpg,3,-60.790237,-9.36008
20210413,C:\junha\Datasets\LTDv2\frames\frames\20210413\clip_29_1258\image_0104.jpg,3,-60.874443,-9.222563
20210413,C:\junha\Datasets\LTDv2\frames\frames\20210413\clip_29_1258\image_0105.jpg,3,-61.559612,-9.097678
20210413,C:\junha\Datasets\LTDv2\frames\frames\20210413\clip_29_1258\image_0106.jpg,3,-61.604267,-8.4653425
20210413,C:\junha\Datasets\LTDv2\frames\frames\20210413\clip_29_1258\image_0107.jpg,3,-58.00361,-5.66657
20210413,C:\junha\Datasets\LTDv2\frames\frames\20210413\clip_29_1258\image_0108.jpg,3,-61.37645,-7.427803
20210413,C:\junha\Datasets\LTDv2\frames\frames\20210413\clip_29_1258\image_0109.jpg,3,-59.817677,-4.8697305
20210413,C:\junha\Datasets\LTDv2\frames\frames\20210413\clip_29_1258\image_0110.jpg,3,-60.28319,-5.278379
20210413,C:\junha\Datasets\LTDv2\frames\frames\20210413\clip_29_1258\image_0111.jpg,3,-57.308315,-6.5425663
20210413,C:\junha\Datasets\LTDv2\frames\frames\20210413\clip_29_1258\image_0112.jpg,3,-59.62874,-4.6693273
20210413,C:\junha\Datasets\LTDv2\frames\frames\20210413\clip_29_1258\image_0113.jpg,3,-59.72936,-4.6932297
20210413,C:\junha\Datasets\LTDv2\frames\frames\20210413\clip_29_1258\image_0114.jpg,3,-59.78726,-4.759912
20210413,C:\junha\Datasets\LTDv2\frames\frames\20210413\clip_29_1258\image_0115.jpg,3,-60.421062,-5.2894444
20210413,C:\junha\Datasets\LTDv2\frames\frames\20210413\clip_29_1258\image_0116.jpg,3,-60.467037,-5.5292897
20210413,C:\junha\Datasets\LTDv2\frames\frames\20210413\clip_29_1258\image_0117.jpg,3,-59.67644,-4.5525618
20210413,C:\junha\Datasets\LTDv2\frames\frames\20210413\clip_29_1258\image_0118.jpg,3,-58.53192,-6.450977
20210413,C:\junha\Datasets\LTDv2\frames\frames\20210413\clip_29_1258\image_0119.jpg,3,-61.03146,-5.3579326
20210413,C:\junha\Datasets\LTDv2\frames\frames\20210413\clip_2_0056\image_0000.jpg,1,-31.259863,-16.457157
20210413,C:\junha\Datasets\LTDv2\frames\frames\20210413\clip_2_0056\image_0001.jpg,1,-30.855383,-15.497701
20210413,C:\junha\Datasets\LTDv2\frames\frames\20210413\clip_2_0056\image_0002.jpg,1,-30.87492,-15.558769
20210413,C:\junha\Datasets\LTDv2\frames\frames\20210413\clip_2_0056\image_0003.jpg,1,-30.9795,-16.044123
20210413,C:\junha\Datasets\LTDv2\frames\frames\20210413\clip_2_0056\image_0004.jpg,1,-31.006557,-16.058235
20210413,C:\junha\Datasets\LTDv2\frames\frames\20210413\clip_2_0056\image_0005.jpg,1,-29.811695,-24.579275
20210413,C:\junha\Datasets\LTDv2\frames\frames\20210413\clip_2_0056\image_0006.jpg,1,-29.893967,-24.589304
20210413,C:\junha\Datasets\LTDv2\frames\frames\20210413\clip_2_0056\image_0007.jpg,1,-31.713747,-16.44918
20210413,C:\junha\Datasets\LTDv2\frames\frames\20210413\clip_2_0056\image_0008.jpg,1,-31.592688,-16.39464
20210413,C:\junha\Datasets\LTDv2\frames\frames\20210413\clip_2_0056\image_0009.jpg,1,-33.82918,-18.164322
20210413,C:\junha\Datasets\LTDv2\frames\frames\20210413\clip_2_0056\image_0010.jpg,1,-33.9973,-18.227911
20210413,C:\junha\Datasets\LTDv2\frames\frames\20210413\clip_2_0056\image_0011.jpg,1,-31.909687,-25.924433
20210413,C:\junha\Datasets\LTDv2\frames\frames\20210413\clip_2_0056\image_0012.jpg,1,-31.95723,-25.870005
20210413,C:\junha\Datasets\LTDv2\frames\frames\20210413\clip_2_0056\image_0013.jpg,1,-32.344395,-18.465488
20210413,C:\junha\Datasets\LTDv2\frames\frames\20210413\clip_2_0056\image_0014.jpg,1,-32.512157,-18.649054
20210413,C:\junha\Datasets\LTDv2\frames\frames\20210413\clip_2_0056\image_0015.jpg,1,-32.590923,-18.506763
20210413,C:\junha\Datasets\LTDv2\frames\frames\20210413\clip_2_0056\image_0016.jpg,1,-32.487488,-19.715475
20210413,C:\junha\Datasets\LTDv2\frames\frames\20210413\clip_2_0056\image_0017.jpg,1,-30.832922,-20.983349
20210413,C:\junha\Datasets\LTDv2\frames\frames\20210413\clip_2_0056\image_0018.jpg,1,-31.08105,-20.666025
20210413,C:\junha\Datasets\LTDv2\frames\frames\20210413\clip_2_0056\image_0019.jpg,1,-30.87272,-22.006212
20210413,C:\junha\Datasets\LTDv2\frames\frames\20210413\clip_2_0056\image_0020.jpg,1,-30.859964,-21.827568
20210413,C:\junha\Datasets\LTDv2\frames\frames\20210413\clip_2_0056\image_0021.jpg,1,-29.989082,-19.029705
20210413,C:\junha\Datasets\LTDv2\frames\frames\20210413\clip_2_0056\image_0022.jpg,1,-29.913149,-19.283407
20210413,C:\junha\Datasets\LTDv2\frames\frames\20210413\clip_2_0056\image_0023.jpg,1,-31.612648,-21.986465
20210413,C:\junha\Datasets\LTDv2\frames\frames\20210413\clip_2_0056\image_0024.jpg,1,-31.94013,-22.528482
20210413,C:\junha\Datasets\LTDv2\frames\frames\20210413\clip_2_0056\image_0025.jpg,1,-30.945438,-22.1755
20210413,C:\junha\Datasets\LTDv2\frames\frames\20210413\clip_2_0056\image_0026.jpg,1,-32.222324,-22.793816
20210413,C:\junha\Datasets\LTDv2\frames\frames\20210413\clip_2_0056\image_0027.jpg,1,-32.415943,-22.451292
20210413,C:\junha\Datasets\LTDv2\frames\frames\20210413\clip_2_0056\image_0028.jpg,1,-32.47839,-22.336864
20210413,C:\junha\Datasets\LTDv2\frames\frames\20210413\clip_2_0056\image_0029.jpg,1,-33.514,-25.805197
20210413,C:\junha\Datasets\LTDv2\frames\frames\20210413\clip_2_0056\image_0030.jpg,1,-33.22055,-22.645998
20210413,C:\junha\Datasets\LTDv2\frames\frames\20210413\clip_2_0056\image_0031.jpg,1,-33.53292,-21.525375
20210413,C:\junha\Datasets\LTDv2\frames\frames\20210413\clip_2_0056\image_0032.jpg,1,-33.376076,-21.20637
20210413,C:\junha\Datasets\LTDv2\frames\frames\20210413\clip_2_0056\image_0033.jpg,1,-30.608858,-18.670208
20210413,C:\junha\Datasets\LTDv2\frames\frames\20210413\clip_2_0056\image_0034.jpg,1,-30.313488,-18.206411
20210413,C:\junha\Datasets\LTDv2\frames\frames\20210413\clip_2_0056\image_0035.jpg,1,-32.85089,-20.985773
20210413,C:\junha\Datasets\LTDv2\frames\frames\20210413\clip_2_0056\image_0036.jpg,1,-32.718082,-21.318933
20210413,C:\junha\Datasets\LTDv2\frames\frames\20210413\clip_2_0056\image_0037.jpg,1,-34.303394,-18.612528
20210413,C:\junha\Datasets\LTDv2\frames\frames\20210413\clip_2_0056\image_0038.jpg,1,-34.48001,-18.611956
20210413,C:\junha\Datasets\LTDv2\frames\frames\20210413\clip_2_0056\image_0039.jpg,1,-31.232222,-23.664408
20210413,C:\junha\Datasets\LTDv2\frames\frames\20210413\clip_2_0056\image_0040.jpg,1,-31.483934,-24.243496
20210413,C:\junha\Datasets\LTDv2\frames\frames\20210413\clip_2_0056\image_0041.jpg,1,-35.131485,-26.12913
20210413,C:\junha\Datasets\LTDv2\frames\frames\20210413\clip_2_0056\image_0042.jpg,1,-35.33387,-26.262405
20210413,C:\junha\Datasets\LTDv2\frames\frames\20210413\clip_2_0056\image_0043.jpg,1,-32.612083,-25.013208
20210413,C:\junha\Datasets\LTDv2\frames\frames\20210413\clip_2_0056\image_0044.jpg,1,-32.43582,-25.227697
20210413,C:\junha\Datasets\LTDv2\frames\frames\20210413\clip_2_0056\image_0045.jpg,1,-32.424183,-24.849913
20210413,C:\junha\Datasets\LTDv2\frames\frames\20210413\clip_2_0056\image_0046.jpg,1,-32.64583,-24.664076
20210413,C:\junha\Datasets\LTDv2\frames\frames\20210413\clip_2_0056\image_0047.jpg,1,-33.28589,-23.689985
20210413,C:\junha\Datasets\LTDv2\frames\frames\20210413\clip_2_0056\image_0048.jpg,1,-33.380768,-23.916256
20210413,C:\junha\Datasets\LTDv2\frames\frames\20210413\clip_2_0056\image_0049.jpg,1,-30.911469,-26.017042
20210413,C:\junha\Datasets\LTDv2\frames\frames\20210413\clip_2_0056\image_0050.jpg,1,-30.989552,-27.582481
20210413,C:\junha\Datasets\LTDv2\frames\frames\20210413\clip_2_0056\image_0051.jpg,1,-30.911291,-23.358335
20210413,C:\junha\Datasets\LTDv2\frames\frames\20210413\clip_2_0056\image_0052.jpg,1,-30.862305,-26.28486
20210413,C:\junha\Datasets\LTDv2\frames\frames\20210413\clip_2_0056\image_0053.jpg,1,-31.52758,-24.851673
20210413,C:\junha\Datasets\LTDv2\frames\frames\20210413\clip_2_0056\image_0054.jpg,1,-31.24816,-24.197641
20210413,C:\junha\Datasets\LTDv2\frames\frames\20210413\clip_2_0056\image_0055.jpg,1,-32.36227,-26.040491
20210413,C:\junha\Datasets\LTDv2\frames\frames\20210413\clip_2_0056\image_0056.jpg,1,-32.035397,-26.18712
20210413,C:\junha\Datasets\LTDv2\frames\frames\20210413\clip_2_0056\image_0057.jpg,1,-31.302904,-27.008696
20210413,C:\junha\Datasets\LTDv2\frames\frames\20210413\clip_2_0056\image_0058.jpg,1,-31.474585,-26.640535
20210413,C:\junha\Datasets\LTDv2\frames\frames\20210413\clip_2_0056\image_0059.jpg,1,-28.710278,-22.286217
20210413,C:\junha\Datasets\LTDv2\frames\frames\20210413\clip_2_0056\image_0060.jpg,1,-28.697325,-22.286572
20210413,C:\junha\Datasets\LTDv2\frames\frames\20210413\clip_2_0056\image_0061.jpg,1,-33.975834,-19.745281
20210413,C:\junha\Datasets\LTDv2\frames\frames\20210413\clip_2_0056\image_0062.jpg,1,-33.805367,-19.398285
20210413,C:\junha\Datasets\LTDv2\frames\frames\20210413\clip_2_0056\image_0063.jpg,1,-33.38461,-20.018171
20210413,C:\junha\Datasets\LTDv2\frames\frames\20210413\clip_2_0056\image_0064.jpg,1,-32.965214,-19.696081
20210413,C:\junha\Datasets\LTDv2\frames\frames\20210413\clip_2_0056\image_0065.jpg,1,-34.481426,-19.725014
20210413,C:\junha\Datasets\LTDv2\frames\frames\20210413\clip_2_0056\image_0066.jpg,1,-35.07653,-19.220213
20210413,C:\junha\Datasets\LTDv2\frames\frames\20210413\clip_2_0056\image_0067.jpg,1,-31.866049,-20.98799
20210413,C:\junha\Datasets\LTDv2\frames\frames\20210413\clip_2_0056\image_0068.jpg,1,-31.730347,-21.041672
20210413,C:\junha\Datasets\LTDv2\frames\frames\20210413\clip_2_0056\image_0069.jpg,1,-29.337345,-20.859901
20210413,C:\junha\Datasets\LTDv2\frames\frames\20210413\clip_2_0056\image_0070.jpg,1,-30.258171,-23.084194
20210413,C:\junha\Datasets\LTDv2\frames\frames\20210413\clip_2_0056\image_0071.jpg,1,-29.22124,-20.32293
20210413,C:\junha\Datasets\LTDv2\frames\frames\20210413\clip_2_0056\image_0072.jpg,1,-29.164928,-20.097866
20210413,C:\junha\Datasets\LTDv2\frames\frames\20210413\clip_2_0056\image_0073.jpg,1,-31.473671,-19.006807
20210413,C:\junha\Datasets\LTDv2\frames\frames\20210413\clip_2_0056\image_0074.jpg,1,-31.85181,-19.654358
20210413,C:\junha\Datasets\LTDv2\frames\frames\20210413\clip_2_0056\image_0075.jpg,1,-34.726574,-20.794964
20210413,C:\junha\Datasets\LTDv2\frames\frames\20210413\clip_2_0056\image_0076.jpg,1,-34.784073,-20.387068
20210413,C:\junha\Datasets\LTDv2\frames\frames\20210413\clip_2_0056\image_0077.jpg,1,-32.252132,-20.130548
20210413,C:\junha\Datasets\LTDv2\frames\frames\20210413\clip_2_0056\image_0078.jpg,1,-32.59661,-20.435825
20210413,C:\junha\Datasets\LTDv2\frames\frames\20210413\clip_2_0056\image_0079.jpg,1,-30.888748,-20.690641
20210413,C:\junha\Datasets\LTDv2\frames\frames\20210413\clip_2_0056\image_0080.jpg,1,-30.252092,-18.715769
20210413,C:\junha\Datasets\LTDv2\frames\frames\20210413\clip_2_0056\image_0081.jpg,1,-35.52694,-23.630436
20210413,C:\junha\Datasets\LTDv2\frames\frames\20210413\clip_2_0056\image_0082.jpg,1,-36.466396,-23.520071
20210413,C:\junha\Datasets\LTDv2\frames\frames\20210413\clip_2_0056\image_0083.jpg,1,-31.219803,-16.448029
20210413,C:\junha\Datasets\LTDv2\frames\frames\20210413\clip_2_0056\image_0084.jpg,1,-31.244812,-16.61139
20210413,C:\junha\Datasets\LTDv2\frames\frames\20210413\clip_2_0056\image_0085.jpg,1,-37.39835,-24.572258
20210413,C:\junha\Datasets\LTDv2\frames\frames\20210413\clip_2_0056\image_0086.jpg,1,-37.15348,-24.114134
20210413,C:\junha\Datasets\LTDv2\frames\frames\20210413\clip_2_0056\image_0087.jpg,1,-31.970747,-19.805908
20210413,C:\junha\Datasets\LTDv2\frames\frames\20210413\clip_2_0056\image_0088.jpg,1,-31.652906,-18.881699
20210413,C:\junha\Datasets\LTDv2\frames\frames\20210413\clip_2_0056\image_0089.jpg,1,-34.12672,-27.451418
20210413,C:\junha\Datasets\LTDv2\frames\frames\20210413\clip_2_0056\image_0090.jpg,1,-34.14313,-27.484892
20210413,C:\junha\Datasets\LTDv2\frames\frames\20210413\clip_2_0056\image_0091.jpg,1,-31.285482,-18.331291
20210413,C:\junha\Datasets\LTDv2\frames\frames\20210413\clip_2_0056\image_0092.jpg,1,-31.274574,-18.327955
20210413,C:\junha\Datasets\LTDv2\frames\frames\20210413\clip_2_0056\image_0093.jpg,1,-33.86476,-25.476135
20210413,C:\junha\Datasets\LTDv2\frames\frames\20210413\clip_2_0056\image_0094.jpg,1,-33.850735,-26.434662
20210413,C:\junha\Datasets\LTDv2\frames\frames\20210413\clip_2_0056\image_0095.jpg,1,-33.29892,-26.577137
20210413,C:\junha\Datasets\LTDv2\frames\frames\20210413\clip_2_0056\image_0096.jpg,1,-33.36026,-26.54854
20210413,C:\junha\Datasets\LTDv2\frames\frames\20210413\clip_2_0056\image_0097.jpg,1,-29.938723,-29.016214
20210413,C:\junha\Datasets\LTDv2\frames\frames\20210413\clip_2_0056\image_0098.jpg,1,-29.942497,-29.01731
20210413,C:\junha\Datasets\LTDv2\frames\frames\20210413\clip_2_0056\image_0099.jpg,1,-30.88833,-26.610046
20210413,C:\junha\Datasets\LTDv2\frames\frames\20210413\clip_2_0056\image_0100.jpg,1,-34.31543,-24.98763
20210413,C:\junha\Datasets\LTDv2\frames\frames\20210413\clip_2_0056\image_0101.jpg,1,-34.754272,-21.731047
20210413,C:\junha\Datasets\LTDv2\frames\frames\20210413\clip_2_0056\image_0102.jpg,1,-34.988613,-22.053955
20210413,C:\junha\Datasets\LTDv2\frames\frames\20210413\clip_2_0056\image_0103.jpg,1,-35.806,-22.226189
20210413,C:\junha\Datasets\LTDv2\frames\frames\20210413\clip_2_0056\image_0104.jpg,1,-35.837894,-22.193895
20210413,C:\junha\Datasets\LTDv2\frames\frames\20210413\clip_2_0056\image_0105.jpg,1,-36.020424,-21.644363
20210413,C:\junha\Datasets\LTDv2\frames\frames\20210413\clip_2_0056\image_0106.jpg,1,-36.105732,-21.664745
20210413,C:\junha\Datasets\LTDv2\frames\frames\20210413\clip_2_0056\image_0107.jpg,1,-33.485775,-27.698576
20210413,C:\junha\Datasets\LTDv2\frames\frames\20210413\clip_2_0056\image_0108.jpg,1,-33.243362,-28.006495
20210413,C:\junha\Datasets\LTDv2\frames\frames\20210413\clip_2_0056\image_0109.jpg,1,-36.005188,-27.16384
20210413,C:\junha\Datasets\LTDv2\frames\frames\20210413\clip_2_0056\image_0110.jpg,1,-36.04308,-27.115042
20210413,C:\junha\Datasets\LTDv2\frames\frames\20210413\clip_2_0056\image_0111.jpg,1,-37.04944,-25.55198
20210413,C:\junha\Datasets\LTDv2\frames\frames\20210413\clip_2_0056\image_0112.jpg,1,-37.038654,-25.556446
20210413,C:\junha\Datasets\LTDv2\frames\frames\20210413\clip_2_0056\image_0113.jpg,1,-33.527454,-26.393944
20210413,C:\junha\Datasets\LTDv2\frames\frames\20210413\clip_2_0056\image_0114.jpg,1,-33.882328,-24.392393
20210413,C:\junha\Datasets\LTDv2\frames\frames\20210413\clip_2_0056\image_0115.jpg,1,-34.439842,-23.392475
20210413,C:\junha\Datasets\LTDv2\frames\frames\20210413\clip_2_0056\image_0116.jpg,1,-34.444122,-23.124746
20210413,C:\junha\Datasets\LTDv2\frames\frames\20210413\clip_2_0056\image_0117.jpg,1,-34.817726,-23.745152
20210413,C:\junha\Datasets\LTDv2\frames\frames\20210413\clip_2_0056\image_0118.jpg,1,-35.202946,-23.619087
20210413,C:\junha\Datasets\LTDv2\frames\frames\20210413\clip_2_0056\image_0119.jpg,1,-33.278725,-23.064629
20210413,C:\junha\Datasets\LTDv2\frames\frames\20210413\clip_30_1326\image_0000.jpg,3,-24.584131,1.8190974
20210413,C:\junha\Datasets\LTDv2\frames\frames\20210413\clip_30_1326\image_0001.jpg,3,-45.544827,-7.902846
20210413,C:\junha\Datasets\LTDv2\frames\frames\20210413\clip_30_1326\image_0002.jpg,3,-28.148685,-0.3223724
20210413,C:\junha\Datasets\LTDv2\frames\frames\20210413\clip_30_1326\image_0003.jpg,3,-28.115269,-0.4230613
20210413,C:\junha\Datasets\LTDv2\frames\frames\20210413\clip_30_1326\image_0004.jpg,3,-28.24983,-0.34275463
20210413,C:\junha\Datasets\LTDv2\frames\frames\20210413\clip_30_1326\image_0005.jpg,3,-28.753832,-0.5502625
20210413,C:\junha\Datasets\LTDv2\frames\frames\20210413\clip_30_1326\image_0006.jpg,3,-27.505266,-0.55232084
20210413,C:\junha\Datasets\LTDv2\frames\frames\20210413\clip_30_1326\image_0007.jpg,3,-26.377546,0.5233316
20210413,C:\junha\Datasets\LTDv2\frames\frames\20210413\clip_30_1326\image_0008.jpg,3,-26.437334,0.5029425
20210413,C:\junha\Datasets\LTDv2\frames\frames\20210413\clip_30_1326\image_0009.jpg,3,-28.205122,-2.0028894
20210413,C:\junha\Datasets\LTDv2\frames\frames\20210413\clip_30_1326\image_0010.jpg,3,-27.09478,-0.8253655
20210413,C:\junha\Datasets\LTDv2\frames\frames\20210413\clip_30_1326\image_0011.jpg,3,-26.364548,-0.4037815
20210413,C:\junha\Datasets\LTDv2\frames\frames\20210413\clip_30_1326\image_0012.jpg,3,-26.299818,-0.30584964
20210413,C:\junha\Datasets\LTDv2\frames\frames\20210413\clip_30_1326\image_0013.jpg,3,-25.06612,1.81756
20210413,C:\junha\Datasets\LTDv2\frames\frames\20210413\clip_30_1326\image_0014.jpg,3,-24.906666,1.9226725
20210413,C:\junha\Datasets\LTDv2\frames\frames\20210413\clip_30_1326\image_0015.jpg,3,-25.477282,4.1332936
20210413,C:\junha\Datasets\LTDv2\frames\frames\20210413\clip_30_1326\image_0016.jpg,3,-25.363544,4.3562555
20210413,C:\junha\Datasets\LTDv2\frames\frames\20210413\clip_30_1326\image_0017.jpg,3,-25.51017,3.1479087
20210413,C:\junha\Datasets\LTDv2\frames\frames\20210413\clip_30_1326\image_0018.jpg,3,-25.482237,3.0289156
20210413,C:\junha\Datasets\LTDv2\frames\frames\20210413\clip_30_1326\image_0019.jpg,3,-25.401731,4.4364853
20210413,C:\junha\Datasets\LTDv2\frames\frames\20210413\clip_30_1326\image_0020.jpg,3,-24.746445,3.2857897
20210413,C:\junha\Datasets\LTDv2\frames\frames\20210413\clip_30_1326\image_0021.jpg,3,-25.857904,1.5142504
20210413,C:\junha\Datasets\LTDv2\frames\frames\20210413\clip_30_1326\image_0022.jpg,3,-29.530773,-0.17640434
20210413,C:\junha\Datasets\LTDv2\frames\frames\20210413\clip_30_1326\image_0023.jpg,3,-30.057173,-0.7424775
20210413,C:\junha\Datasets\LTDv2\frames\frames\20210413\clip_30_1326\image_0024.jpg,3,-26.084501,1.6252389
20210413,C:\junha\Datasets\LTDv2\frames\frames\20210413\clip_30_1326\image_0025.jpg,3,-25.732964,1.7331467
20210413,C:\junha\Datasets\LTDv2\frames\frames\20210413\clip_30_1326\image_0026.jpg,3,-29.839989,-0.6990931
20210413,C:\junha\Datasets\LTDv2\frames\frames\20210413\clip_30_1326\image_0027.jpg,3,-30.01759,-1.0589054
20210413,C:\junha\Datasets\LTDv2\frames\frames\20210413\clip_30_1326\image_0028.jpg,3,-29.984818,-1.0592588
20210413,C:\junha\Datasets\LTDv2\frames\frames\20210413\clip_30_1326\image_0029.jpg,3,-27.983671,-2.0981166
20210413,C:\junha\Datasets\LTDv2\frames\frames\20210413\clip_30_1326\image_0030.jpg,3,-27.965809,-2.0843043
20210413,C:\junha\Datasets\LTDv2\frames\frames\20210413\clip_30_1326\image_0031.jpg,3,-27.546516,-1.9164114
20210413,C:\junha\Datasets\LTDv2\frames\frames\20210413\clip_30_1326\image_0032.jpg,3,-26.226875,-0.7839172
20210413,C:\junha\Datasets\LTDv2\frames\frames\20210413\clip_30_1326\image_0033.jpg,3,-27.037584,-2.13195
20210413,C:\junha\Datasets\LTDv2\frames\frames\20210413\clip_30_1326\image_0034.jpg,3,-26.554958,-1.7022985
20210413,C:\junha\Datasets\LTDv2\frames\frames\20210413\clip_30_1326\image_0035.jpg,3,-26.22903,-0.9868517
20210413,C:\junha\Datasets\LTDv2\frames\frames\20210413\clip_30_1326\image_0036.jpg,3,-25.942291,-0.22137515
20210413,C:\junha\Datasets\LTDv2\frames\frames\20210413\clip_30_1326\image_0037.jpg,3,-27.299025,0.13759488
20210413,C:\junha\Datasets\LTDv2\frames\frames\20210413\clip_30_1326\image_0038.jpg,3,-25.847927,0.8850217
20210413,C:\junha\Datasets\LTDv2\frames\frames\20210413\clip_30_1326\image_0039.jpg,3,-27.08213,0.05423318
20210413,C:\junha\Datasets\LTDv2\frames\frames\20210413\clip_30_1326\image_0040.jpg,3,-28.754826,0.38412285
20210413,C:\junha\Datasets\LTDv2\frames\frames\20210413\clip_30_1326\image_0041.jpg,3,-29.834152,0.48701406
20210413,C:\junha\Datasets\LTDv2\frames\frames\20210413\clip_30_1326\image_0042.jpg,3,-29.699305,0.36946633
20210413,C:\junha\Datasets\LTDv2\frames\frames\20210413\clip_30_1326\image_0043.jpg,3,-27.673136,1.5306177
20210413,C:\junha\Datasets\LTDv2\frames\frames\20210413\clip_30_1326\image_0044.jpg,3,-28.464722,0.9140582
20210413,C:\junha\Datasets\LTDv2\frames\frames\20210413\clip_30_1326\image_0045.jpg,3,-27.580812,0.43117
20210413,C:\junha\Datasets\LTDv2\frames\frames\20210413\clip_30_1326\image_0046.jpg,3,-26.713015,1.9366255
20210413,C:\junha\Datasets\LTDv2\frames\frames\20210413\clip_30_1326\image_0047.jpg,3,-28.630276,0.59895563
20210413,C:\junha\Datasets\LTDv2\frames\frames\20210413\clip_30_1326\image_0048.jpg,3,-27.461561,1.5407761
20210413,C:\junha\Datasets\LTDv2\frames\frames\20210413\clip_30_1326\image_0049.jpg,3,-25.406097,-0.7927055
20210413,C:\junha\Datasets\LTDv2\frames\frames\20210413\clip_30_1326\image_0050.jpg,3,-26.587126,-2.4459329
20210413,C:\junha\Datasets\LTDv2\frames\frames\20210413\clip_30_1326\image_0051.jpg,3,-27.20547,1.1568173
20210413,C:\junha\Datasets\LTDv2\frames\frames\20210413\clip_30_1326\image_0052.jpg,3,-24.088177,1.4287783
20210413,C:\junha\Datasets\LTDv2\frames\frames\20210413\clip_30_1326\image_0053.jpg,3,-27.542202,0.43120167
20210413,C:\junha\Datasets\LTDv2\frames\frames\20210413\clip_30_1326\image_0054.jpg,3,-23.85599,1.2999502
20210413,C:\junha\Datasets\LTDv2\frames\frames\20210413\clip_30_1326\image_0055.jpg,3,-39.78732,-4.4005437
20210413,C:\junha\Datasets\LTDv2\frames\frames\20210413\clip_30_1326\image_0056.jpg,3,-23.647734,0.57107157
20210413,C:\junha\Datasets\LTDv2\frames\frames\20210413\clip_30_1326\image_0057.jpg,3,-23.70527,0.58007485
20210413,C:\junha\Datasets\LTDv2\frames\frames\20210413\clip_30_1326\image_0058.jpg,3,-28.254173,-1.7554555
20210413,C:\junha\Datasets\LTDv2\frames\frames\20210413\clip_30_1326\image_0059.jpg,3,-28.295334,-2.4505963
20210413,C:\junha\Datasets\LTDv2\frames\frames\20210413\clip_30_1326\image_0060.jpg,3,-26.882538,-0.54347575
20210413,C:\junha\Datasets\LTDv2\frames\frames\20210413\clip_30_1326\image_0061.jpg,3,-25.597752,-0.3215811
20210413,C:\junha\Datasets\LTDv2\frames\frames\20210413\clip_30_1326\image_0062.jpg,3,-25.828667,0.12940145
20210413,C:\junha\Datasets\LTDv2\frames\frames\20210413\clip_30_1326\image_0063.jpg,3,-24.86503,-0.3047137
20210413,C:\junha\Datasets\LTDv2\frames\frames\20210413\clip_30_1326\image_0064.jpg,3,-24.781948,-0.21365821
20210413,C:\junha\Datasets\LTDv2\frames\frames\20210413\clip_30_1326\image_0065.jpg,3,-25.668314,-1.9095906
20210413,C:\junha\Datasets\LTDv2\frames\frames\20210413\clip_30_1326\image_0066.jpg,3,-26.94071,1.122467
20210413,C:\junha\Datasets\LTDv2\frames\frames\20210413\clip_30_1326\image_0067.jpg,3,-44.72244,-7.9944496
20210413,C:\junha\Datasets\LTDv2\frames\frames\20210413\clip_30_1326\image_0068.jpg,3,-39.581482,-6.0835323
20210413,C:\junha\Datasets\LTDv2\frames\frames\20210413\clip_30_1326\image_0069.jpg,3,-44.65894,-7.26107
20210413,C:\junha\Datasets\LTDv2\frames\frames\20210413\clip_30_1326\image_0070.jpg,3,-44.676533,-7.2017107
20210413,C:\junha\Datasets\LTDv2\frames\frames\20210413\clip_30_1326\image_0071.jpg,3,-44.490482,-7.598987
20210413,C:\junha\Datasets\LTDv2\frames\frames\20210413\clip_30_1326\image_0072.jpg,3,-44.31567,-7.5238056
20210413,C:\junha\Datasets\LTDv2\frames\frames\20210413\clip_30_1326\image_0073.jpg,3,-43.98967,-6.5558968
20210413,C:\junha\Datasets\LTDv2\frames\frames\20210413\clip_30_1326\image_0074.jpg,3,-44.20316,-6.391164
20210413,C:\junha\Datasets\LTDv2\frames\frames\20210413\clip_30_1326\image_0075.jpg,3,-44.002674,-6.558421
20210413,C:\junha\Datasets\LTDv2\frames\frames\20210413\clip_30_1326\image_0076.jpg,3,-43.99164,-6.5800724
20210413,C:\junha\Datasets\LTDv2\frames\frames\20210413\clip_30_1326\image_0077.jpg,3,-44.84176,-5.1422424
20210413,C:\junha\Datasets\LTDv2\frames\frames\20210413\clip_30_1326\image_0078.jpg,3,-44.148304,-5.222058
20210413,C:\junha\Datasets\LTDv2\frames\frames\20210413\clip_30_1326\image_0079.jpg,3,-42.927807,-7.343564
20210413,C:\junha\Datasets\LTDv2\frames\frames\20210413\clip_30_1326\image_0080.jpg,3,-42.576897,-6.922965
20210413,C:\junha\Datasets\LTDv2\frames\frames\20210413\clip_30_1326\image_0081.jpg,3,-40.087955,-6.6887803
20210413,C:\junha\Datasets\LTDv2\frames\frames\20210413\clip_30_1326\image_0082.jpg,3,-40.041084,-6.7199326
20210413,C:\junha\Datasets\LTDv2\frames\frames\20210413\clip_30_1326\image_0083.jpg,3,-40.271023,-6.5164742
20210413,C:\junha\Datasets\LTDv2\frames\frames\20210413\clip_30_1326\image_0084.jpg,3,-39.832077,-6.6618633
20210413,C:\junha\Datasets\LTDv2\frames\frames\20210413\clip_30_1326\image_0085.jpg,3,-41.69664,-5.857982
20210413,C:\junha\Datasets\LTDv2\frames\frames\20210413\clip_30_1326\image_0086.jpg,3,-41.770603,-5.8475885
20210413,C:\junha\Datasets\LTDv2\frames\frames\20210413\clip_30_1326\image_0087.jpg,3,-41.468094,-6.183807
20210413,C:\junha\Datasets\LTDv2\frames\frames\20210413\clip_30_1326\image_0088.jpg,3,-41.761417,-4.5345592
20210413,C:\junha\Datasets\LTDv2\frames\frames\20210413\clip_30_1326\image_0089.jpg,3,-44.62959,-6.3810215
20210413,C:\junha\Datasets\LTDv2\frames\frames\20210413\clip_30_1326\image_0090.jpg,3,-40.906708,-6.183962
20210413,C:\junha\Datasets\LTDv2\frames\frames\20210413\clip_30_1326\image_0091.jpg,3,-43.44889,-5.7530355
20210413,C:\junha\Datasets\LTDv2\frames\frames\20210413\clip_30_1326\image_0092.jpg,3,-43.478645,-5.6078978
20210413,C:\junha\Datasets\LTDv2\frames\frames\20210413\clip_30_1326\image_0093.jpg,3,-42.561634,-5.7030225
20210413,C:\junha\Datasets\LTDv2\frames\frames\20210413\clip_30_1326\image_0094.jpg,3,-43.301754,-5.5304747
20210413,C:\junha\Datasets\LTDv2\frames\frames\20210413\clip_30_1326\image_0095.jpg,3,-41.111607,-5.363484
20210413,C:\junha\Datasets\LTDv2\frames\frames\20210413\clip_30_1326\image_0096.jpg,3,-40.82957,-5.01861
20210413,C:\junha\Datasets\LTDv2\frames\frames\20210413\clip_30_1326\image_0097.jpg,3,-43.20944,-4.555469
20210413,C:\junha\Datasets\LTDv2\frames\frames\20210413\clip_30_1326\image_0098.jpg,3,-43.04212,-4.8806777
20210413,C:\junha\Datasets\LTDv2\frames\frames\20210413\clip_30_1326\image_0099.jpg,3,-45.151955,-5.734013
20210413,C:\junha\Datasets\LTDv2\frames\frames\20210413\clip_30_1326\image_0100.jpg,3,-45.25534,-5.5032606
20210413,C:\junha\Datasets\LTDv2\frames\frames\20210413\clip_30_1326\image_0101.jpg,3,-45.11903,-5.5521665
20210413,C:\junha\Datasets\LTDv2\frames\frames\20210413\clip_30_1326\image_0102.jpg,3,-44.941082,-5.431362
20210413,C:\junha\Datasets\LTDv2\frames\frames\20210413\clip_30_1326\image_0103.jpg,3,-43.05389,-4.7737603
20210413,C:\junha\Datasets\LTDv2\frames\frames\20210413\clip_30_1326\image_0104.jpg,3,-43.12357,-4.7225194
20210413,C:\junha\Datasets\LTDv2\frames\frames\20210413\clip_30_1326\image_0105.jpg,3,-42.54029,-5.039472
20210413,C:\junha\Datasets\LTDv2\frames\frames\20210413\clip_30_1326\image_0106.jpg,3,-42.18105,-5.355959
20210413,C:\junha\Datasets\LTDv2\frames\frames\20210413\clip_30_1326\image_0107.jpg,3,-41.51437,-7.5320535
20210413,C:\junha\Datasets\LTDv2\frames\frames\20210413\clip_30_1326\image_0108.jpg,3,-41.340954,-7.4052114
20210413,C:\junha\Datasets\LTDv2\frames\frames\20210413\clip_30_1326\image_0109.jpg,3,-43.343895,-7.236474
20210413,C:\junha\Datasets\LTDv2\frames\frames\20210413\clip_30_1326\image_0110.jpg,3,-43.252827,-7.1725173
20210413,C:\junha\Datasets\LTDv2\frames\frames\20210413\clip_30_1326\image_0111.jpg,3,-43.35384,-7.303534
20210413,C:\junha\Datasets\LTDv2\frames\frames\20210413\clip_30_1326\image_0112.jpg,3,-43.26317,-7.6738625
20210413,C:\junha\Datasets\LTDv2\frames\frames\20210413\clip_30_1326\image_0113.jpg,3,-42.78672,-8.11281
20210413,C:\junha\Datasets\LTDv2\frames\frames\20210413\clip_30_1326\image_0114.jpg,3,-43.253475,-7.9116735
20210413,C:\junha\Datasets\LTDv2\frames\frames\20210413\clip_30_1326\image_0115.jpg,3,-42.62224,-7.970694
20210413,C:\junha\Datasets\LTDv2\frames\frames\20210413\clip_30_1326\image_0116.jpg,3,-42.569313,-8.156332
20210413,C:\junha\Datasets\LTDv2\frames\frames\20210413\clip_30_1326\image_0117.jpg,3,-40.39758,-7.694214
20210413,C:\junha\Datasets\LTDv2\frames\frames\20210413\clip_30_1326\image_0118.jpg,3,-40.058395,-7.4713907
20210413,C:\junha\Datasets\LTDv2\frames\frames\20210413\clip_30_1326\image_0119.jpg,3,-39.805656,-7.1830096
20210413,C:\junha\Datasets\LTDv2\frames\frames\20210413\clip_31_1354\image_0000.jpg,8,-28.81251,20.226212
20210413,C:\junha\Datasets\LTDv2\frames\frames\20210413\clip_31_1354\image_0001.jpg,3,-23.515478,24.710957
20210413,C:\junha\Datasets\LTDv2\frames\frames\20210413\clip_31_1354\image_0002.jpg,3,-23.72361,22.771404
20210413,C:\junha\Datasets\LTDv2\frames\frames\20210413\clip_31_1354\image_0003.jpg,3,-23.681171,22.594887
20210413,C:\junha\Datasets\LTDv2\frames\frames\20210413\clip_31_1354\image_0004.jpg,3,-22.409323,22.28743
20210413,C:\junha\Datasets\LTDv2\frames\frames\20210413\clip_31_1354\image_0005.jpg,3,-22.44991,22.22024
20210413,C:\junha\Datasets\LTDv2\frames\frames\20210413\clip_31_1354\image_0006.jpg,3,-22.648033,22.983578
20210413,C:\junha\Datasets\LTDv2\frames\frames\20210413\clip_31_1354\image_0007.jpg,3,-23.490213,22.583035
20210413,C:\junha\Datasets\LTDv2\frames\frames\20210413\clip_31_1354\image_0008.jpg,3,-26.914837,22.116339
20210413,C:\junha\Datasets\LTDv2\frames\frames\20210413\clip_31_1354\image_0009.jpg,3,-28.121845,20.50371
20210413,C:\junha\Datasets\LTDv2\frames\frames\20210413\clip_31_1354\image_0010.jpg,3,-25.18951,20.338837
20210413,C:\junha\Datasets\LTDv2\frames\frames\20210413\clip_31_1354\image_0011.jpg,3,-28.112694,21.779259
20210413,C:\junha\Datasets\LTDv2\frames\frames\20210413\clip_31_1354\image_0012.jpg,3,-20.760338,21.814182
20210413,C:\junha\Datasets\LTDv2\frames\frames\20210413\clip_31_1354\image_0013.jpg,3,-20.893908,21.87588
20210413,C:\junha\Datasets\LTDv2\frames\frames\20210413\clip_31_1354\image_0014.jpg,3,-21.389923,21.329166
20210413,C:\junha\Datasets\LTDv2\frames\frames\20210413\clip_31_1354\image_0015.jpg,3,-16.117956,24.454184
20210413,C:\junha\Datasets\LTDv2\frames\frames\20210413\clip_31_1354\image_0016.jpg,3,-21.646975,21.19542
20210413,C:\junha\Datasets\LTDv2\frames\frames\20210413\clip_31_1354\image_0017.jpg,3,-27.490908,20.039024
20210413,C:\junha\Datasets\LTDv2\frames\frames\20210413\clip_31_1354\image_0018.jpg,8,-28.121231,19.685564
20210413,C:\junha\Datasets\LTDv2\frames\frames\20210413\clip_31_1354\image_0019.jpg,3,-21.299648,25.44596
20210413,C:\junha\Datasets\LTDv2\frames\frames\20210413\clip_31_1354\image_0020.jpg,3,-20.3931,26.213926
20210413,C:\junha\Datasets\LTDv2\frames\frames\20210413\clip_31_1354\image_0021.jpg,3,-19.517363,26.406553
20210413,C:\junha\Datasets\LTDv2\frames\frames\20210413\clip_31_1354\image_0022.jpg,3,-19.553345,26.207954
20210413,C:\junha\Datasets\LTDv2\frames\frames\20210413\clip_31_1354\image_0023.jpg,3,-26.7,22.64375
20210413,C:\junha\Datasets\LTDv2\frames\frames\20210413\clip_31_1354\image_0024.jpg,3,-27.280886,22.311855
20210413,C:\junha\Datasets\LTDv2\frames\frames\20210413\clip_31_1354\image_0025.jpg,3,-27.22017,23.759525
20210413,C:\junha\Datasets\LTDv2\frames\frames\20210413\clip_31_1354\image_0026.jpg,3,-28.349148,21.224913
20210413,C:\junha\Datasets\LTDv2\frames\frames\20210413\clip_31_1354\image_0027.jpg,3,-28.241274,24.189173
20210413,C:\junha\Datasets\LTDv2\frames\frames\20210413\clip_31_1354\image_0028.jpg,3,-27.70165,22.81444
20210413,C:\junha\Datasets\LTDv2\frames\frames\20210413\clip_31_1354\image_0029.jpg,3,-20.156925,25.811193
20210413,C:\junha\Datasets\LTDv2\frames\frames\20210413\clip_31_1354\image_0030.jpg,3,-20.893328,25.374748
20210413,C:\junha\Datasets\LTDv2\frames\frames\20210413\clip_31_1354\image_0031.jpg,3,-20.694416,25.565125
20210413,C:\junha\Datasets\LTDv2\frames\frames\20210413\clip_31_1354\image_0032.jpg,3,-21.595078,22.6511
20210413,C:\junha\Datasets\LTDv2\frames\frames\20210413\clip_31_1354\image_0033.jpg,3,-21.543291,22.989994
20210413,C:\junha\Datasets\LTDv2\frames\frames\20210413\clip_31_1354\image_0034.jpg,3,-21.344206,26.717377
20210413,C:\junha\Datasets\LTDv2\frames\frames\20210413\clip_31_1354\image_0035.jpg,3,-21.701563,27.258821
20210413,C:\junha\Datasets\LTDv2\frames\frames\20210413\clip_31_1354\image_0036.jpg,3,-21.836536,27.877298
20210413,C:\junha\Datasets\LTDv2\frames\frames\20210413\clip_31_1354\image_0037.jpg,3,-21.879694,27.808485
20210413,C:\junha\Datasets\LTDv2\frames\frames\20210413\clip_31_1354\image_0038.jpg,3,-21.537922,22.896605
20210413,C:\junha\Datasets\LTDv2\frames\frames\20210413\clip_31_1354\image_0039.jpg,3,-19.026453,23.63543
20210413,C:\junha\Datasets\LTDv2\frames\frames\20210413\clip_31_1354\image_0040.jpg,3,-22.218557,25.532892
20210413,C:\junha\Datasets\LTDv2\frames\frames\20210413\clip_31_1354\image_0041.jpg,3,-23.097593,25.699303
20210413,C:\junha\Datasets\LTDv2\frames\frames\20210413\clip_31_1354\image_0042.jpg,3,-21.911865,25.258915
20210413,C:\junha\Datasets\LTDv2\frames\frames\20210413\clip_31_1354\image_0043.jpg,3,-22.263962,24.88218
20210413,C:\junha\Datasets\LTDv2\frames\frames\20210413\clip_31_1354\image_0044.jpg,3,-19.33872,24.21693
20210413,C:\junha\Datasets\LTDv2\frames\frames\20210413\clip_31_1354\image_0045.jpg,3,-19.803385,25.363012
20210413,C:\junha\Datasets\LTDv2\frames\frames\20210413\clip_31_1354\image_0046.jpg,3,-23.578337,24.93996
20210413,C:\junha\Datasets\LTDv2\frames\frames\20210413\clip_31_1354\image_0047.jpg,3,-23.992426,25.109945
20210413,C:\junha\Datasets\LTDv2\frames\frames\20210413\clip_31_1354\image_0048.jpg,3,-22.301937,24.844967
20210413,C:\junha\Datasets\LTDv2\frames\frames\20210413\clip_31_1354\image_0049.jpg,3,-21.625546,25.369259
20210413,C:\junha\Datasets\LTDv2\frames\frames\20210413\clip_31_1354\image_0050.jpg,3,-26.007977,22.890606
20210413,C:\junha\Datasets\LTDv2\frames\frames\20210413\clip_31_1354\image_0051.jpg,3,-27.730124,21.632938
20210413,C:\junha\Datasets\LTDv2\frames\frames\20210413\clip_31_1354\image_0052.jpg,3,-25.994747,22.425343
20210413,C:\junha\Datasets\LTDv2\frames\frames\20210413\clip_31_1354\image_0053.jpg,3,-26.90464,22.829542
20210413,C:\junha\Datasets\LTDv2\frames\frames\20210413\clip_31_1354\image_0054.jpg,3,-25.425344,23.330788
20210413,C:\junha\Datasets\LTDv2\frames\frames\20210413\clip_31_1354\image_0055.jpg,3,-25.376871,23.387955
20210413,C:\junha\Datasets\LTDv2\frames\frames\20210413\clip_31_1354\image_0056.jpg,3,-16.708006,25.617048
20210413,C:\junha\Datasets\LTDv2\frames\frames\20210413\clip_31_1354\image_0057.jpg,3,-17.499273,25.122934
20210413,C:\junha\Datasets\LTDv2\frames\frames\20210413\clip_31_1354\image_0058.jpg,3,-17.355131,26.231325
20210413,C:\junha\Datasets\LTDv2\frames\frames\20210413\clip_31_1354\image_0059.jpg,4,-16.479452,27.172634
20210413,C:\junha\Datasets\LTDv2\frames\frames\20210413\clip_31_1354\image_0060.jpg,6,-16.223412,27.492834
20210413,C:\junha\Datasets\LTDv2\frames\frames\20210413\clip_31_1354\image_0061.jpg,3,-25.147932,23.961264
20210413,C:\junha\Datasets\LTDv2\frames\frames\20210413\clip_31_1354\image_0062.jpg,3,-26.892097,25.8003
20210413,C:\junha\Datasets\LTDv2\frames\frames\20210413\clip_31_1354\image_0063.jpg,3,-25.57792,24.021418
20210413,C:\junha\Datasets\LTDv2\frames\frames\20210413\clip_31_1354\image_0064.jpg,3,-18.82341,26.42754
20210413,C:\junha\Datasets\LTDv2\frames\frames\20210413\clip_31_1354\image_0065.jpg,3,-19.149992,27.139595
20210413,C:\junha\Datasets\LTDv2\frames\frames\20210413\clip_31_1354\image_0066.jpg,3,-29.285198,22.61749
20210413,C:\junha\Datasets\LTDv2\frames\frames\20210413\clip_31_1354\image_0067.jpg,3,-29.567032,22.133158
20210413,C:\junha\Datasets\LTDv2\frames\frames\20210413\clip_31_1354\image_0068.jpg,3,-27.766905,20.119862
20210413,C:\junha\Datasets\LTDv2\frames\frames\20210413\clip_31_1354\image_0069.jpg,3,-24.666576,26.310326
20210413,C:\junha\Datasets\LTDv2\frames\frames\20210413\clip_31_1354\image_0070.jpg,3,-27.357573,24.708773
20210413,C:\junha\Datasets\LTDv2\frames\frames\20210413\clip_31_1354\image_0071.jpg,3,-27.46916,24.68307
20210413,C:\junha\Datasets\LTDv2\frames\frames\20210413\clip_31_1354\image_0072.jpg,3,-27.420713,24.820076
20210413,C:\junha\Datasets\LTDv2\frames\frames\20210413\clip_31_1354\image_0073.jpg,3,-27.840714,23.83
20210413,C:\junha\Datasets\LTDv2\frames\frames\20210413\clip_31_1354\image_0074.jpg,3,-27.421886,23.032211
20210413,C:\junha\Datasets\LTDv2\frames\frames\20210413\clip_31_1354\image_0075.jpg,3,-27.95758,21.2689
20210413,C:\junha\Datasets\LTDv2\frames\frames\20210413\clip_31_1354\image_0076.jpg,3,-27.800371,23.915932
20210413,C:\junha\Datasets\LTDv2\frames\frames\20210413\clip_31_1354\image_0077.jpg,3,-27.554615,24.591732
20210413,C:\junha\Datasets\LTDv2\frames\frames\20210413\clip_31_1354\image_0078.jpg,3,-25.732363,25.990486
20210413,C:\junha\Datasets\LTDv2\frames\frames\20210413\clip_31_1354\image_0079.jpg,3,-13.519604,27.88153
20210413,C:\junha\Datasets\LTDv2\frames\frames\20210413\clip_31_1354\image_0080.jpg,3,-28.118631,22.817379
20210413,C:\junha\Datasets\LTDv2\frames\frames\20210413\clip_31_1354\image_0081.jpg,3,-27.644325,25.463331
20210413,C:\junha\Datasets\LTDv2\frames\frames\20210413\clip_31_1354\image_0082.jpg,3,-21.36869,28.688782
20210413,C:\junha\Datasets\LTDv2\frames\frames\20210413\clip_31_1354\image_0083.jpg,3,-28.108604,25.70324
20210413,C:\junha\Datasets\LTDv2\frames\frames\20210413\clip_31_1354\image_0084.jpg,3,-17.359186,25.424437
20210413,C:\junha\Datasets\LTDv2\frames\frames\20210413\clip_31_1354\image_0085.jpg,3,-16.580353,25.98972
20210413,C:\junha\Datasets\LTDv2\frames\frames\20210413\clip_31_1354\image_0086.jpg,3,-18.386904,26.408861
20210413,C:\junha\Datasets\LTDv2\frames\frames\20210413\clip_31_1354\image_0087.jpg,3,-16.713305,26.938503
20210413,C:\junha\Datasets\LTDv2\frames\frames\20210413\clip_31_1354\image_0088.jpg,3,-18.34661,27.408337
20210413,C:\junha\Datasets\LTDv2\frames\frames\20210413\clip_31_1354\image_0089.jpg,3,-19.392397,25.180908
20210413,C:\junha\Datasets\LTDv2\frames\frames\20210413\clip_31_1354\image_0090.jpg,3,-22.733267,24.883131
20210413,C:\junha\Datasets\LTDv2\frames\frames\20210413\clip_31_1354\image_0091.jpg,3,-23.204641,24.538647
20210413,C:\junha\Datasets\LTDv2\frames\frames\20210413\clip_31_1354\image_0092.jpg,3,-28.056164,21.500034
20210413,C:\junha\Datasets\LTDv2\frames\frames\20210413\clip_31_1354\image_0093.jpg,3,-28.316975,23.384815
20210413,C:\junha\Datasets\LTDv2\frames\frames\20210413\clip_31_1354\image_0094.jpg,3,-27.731554,23.362295
20210413,C:\junha\Datasets\LTDv2\frames\frames\20210413\clip_31_1354\image_0095.jpg,3,-26.740433,24.130583
20210413,C:\junha\Datasets\LTDv2\frames\frames\20210413\clip_31_1354\image_0096.jpg,3,-21.50435,28.552254
20210413,C:\junha\Datasets\LTDv2\frames\frames\20210413\clip_31_1354\image_0097.jpg,3,-26.197422,25.13141
20210413,C:\junha\Datasets\LTDv2\frames\frames\20210413\clip_31_1354\image_0098.jpg,3,-26.306732,24.674965
20210413,C:\junha\Datasets\LTDv2\frames\frames\20210413\clip_31_1354\image_0099.jpg,3,-16.463274,26.059513
20210413,C:\junha\Datasets\LTDv2\frames\frames\20210413\clip_31_1354\image_0100.jpg,3,-17.872152,24.954336
20210413,C:\junha\Datasets\LTDv2\frames\frames\20210413\clip_31_1354\image_0101.jpg,3,-18.23634,24.681808
20210413,C:\junha\Datasets\LTDv2\frames\frames\20210413\clip_31_1354\image_0102.jpg,3,-18.551968,24.877419
20210413,C:\junha\Datasets\LTDv2\frames\frames\20210413\clip_31_1354\image_0103.jpg,3,-25.578175,22.15993
20210413,C:\junha\Datasets\LTDv2\frames\frames\20210413\clip_31_1354\image_0104.jpg,3,-26.418156,21.151539
20210413,C:\junha\Datasets\LTDv2\frames\frames\20210413\clip_31_1354\image_0105.jpg,3,-25.821178,21.324547
20210413,C:\junha\Datasets\LTDv2\frames\frames\20210413\clip_31_1354\image_0106.jpg,3,-20.612612,23.819557
20210413,C:\junha\Datasets\LTDv2\frames\frames\20210413\clip_31_1354\image_0107.jpg,3,-21.2668,23.468397
20210413,C:\junha\Datasets\LTDv2\frames\frames\20210413\clip_31_1354\image_0108.jpg,3,-21.631796,24.195688
20210413,C:\junha\Datasets\LTDv2\frames\frames\20210413\clip_31_1354\image_0109.jpg,3,-14.345083,29.07979
20210413,C:\junha\Datasets\LTDv2\frames\frames\20210413\clip_31_1354\image_0110.jpg,3,-18.5644,27.453012
20210413,C:\junha\Datasets\LTDv2\frames\frames\20210413\clip_31_1354\image_0111.jpg,3,-23.319656,23.864773
20210413,C:\junha\Datasets\LTDv2\frames\frames\20210413\clip_31_1354\image_0112.jpg,3,-23.108036,23.912125
20210413,C:\junha\Datasets\LTDv2\frames\frames\20210413\clip_31_1354\image_0113.jpg,3,-18.614063,26.43568
20210413,C:\junha\Datasets\LTDv2\frames\frames\20210413\clip_31_1354\image_0114.jpg,3,-30.23118,24.021166
20210413,C:\junha\Datasets\LTDv2\frames\frames\20210413\clip_31_1354\image_0115.jpg,8,-30.193518,23.943226
20210413,C:\junha\Datasets\LTDv2\frames\frames\20210413\clip_31_1354\image_0116.jpg,3,-30.258526,23.973442
20210413,C:\junha\Datasets\LTDv2\frames\frames\20210413\clip_31_1354\image_0117.jpg,4,-17.99257,29.29711
20210413,C:\junha\Datasets\LTDv2\frames\frames\20210413\clip_31_1354\image_0118.jpg,4,-17.971582,29.453176
20210413,C:\junha\Datasets\LTDv2\frames\frames\20210413\clip_31_1354\image_0119.jpg,2,-11.129146,35.66904
20210413,C:\junha\Datasets\LTDv2\frames\frames\20210413\clip_32_1421\image_0000.jpg,3,-14.371807,18.874046
20210413,C:\junha\Datasets\LTDv2\frames\frames\20210413\clip_32_1421\image_0001.jpg,3,-15.207157,20.90823
20210413,C:\junha\Datasets\LTDv2\frames\frames\20210413\clip_32_1421\image_0002.jpg,3,-15.086168,20.628561
20210413,C:\junha\Datasets\LTDv2\frames\frames\20210413\clip_32_1421\image_0003.jpg,3,-13.905081,18.918592
20210413,C:\junha\Datasets\LTDv2\frames\frames\20210413\clip_32_1421\image_0004.jpg,8,-28.2776,17.507362
20210413,C:\junha\Datasets\LTDv2\frames\frames\20210413\clip_32_1421\image_0005.jpg,8,-28.198212,17.412603
20210413,C:\junha\Datasets\LTDv2\frames\frames\20210413\clip_32_1421\image_0006.jpg,3,-13.601064,19.124619
20210413,C:\junha\Datasets\LTDv2\frames\frames\20210413\clip_32_1421\image_0007.jpg,8,-28.333784,17.624367
20210413,C:\junha\Datasets\LTDv2\frames\frames\20210413\clip_32_1421\image_0008.jpg,8,-28.511608,17.85786
20210413,C:\junha\Datasets\LTDv2\frames\frames\20210413\clip_32_1421\image_0009.jpg,2,-11.122433,35.61939
20210413,C:\junha\Datasets\LTDv2\frames\frames\20210413\clip_32_1421\image_0010.jpg,3,-11.751378,32.732075
20210413,C:\junha\Datasets\LTDv2\frames\frames\20210413\clip_32_1421\image_0011.jpg,3,-13.186951,20.014097
20210413,C:\junha\Datasets\LTDv2\frames\frames\20210413\clip_32_1421\image_0012.jpg,3,-13.260333,19.55059
20210413,C:\junha\Datasets\LTDv2\frames\frames\20210413\clip_32_1421\image_0013.jpg,3,-13.360464,19.192032
20210413,C:\junha\Datasets\LTDv2\frames\frames\20210413\clip_32_1421\image_0014.jpg,3,-25.413042,16.175173
20210413,C:\junha\Datasets\LTDv2\frames\frames\20210413\clip_32_1421\image_0015.jpg,3,-25.122095,16.123524
20210413,C:\junha\Datasets\LTDv2\frames\frames\20210413\clip_32_1421\image_0016.jpg,3,-24.676695,16.27928
20210413,C:\junha\Datasets\LTDv2\frames\frames\20210413\clip_32_1421\image_0017.jpg,3,-17.580551,19.75987
20210413,C:\junha\Datasets\LTDv2\frames\frames\20210413\clip_32_1421\image_0018.jpg,3,-24.394745,16.492071
20210413,C:\junha\Datasets\LTDv2\frames\frames\20210413\clip_32_1421\image_0019.jpg,3,-15.728984,16.417377
20210413,C:\junha\Datasets\LTDv2\frames\frames\20210413\clip_32_1421\image_0020.jpg,3,-16.391068,16.457748
20210413,C:\junha\Datasets\LTDv2\frames\frames\20210413\clip_32_1421\image_0021.jpg,3,-16.328201,16.304663
20210413,C:\junha\Datasets\LTDv2\frames\frames\20210413\clip_32_1421\image_0022.jpg,3,-16.344158,16.266935
20210413,C:\junha\Datasets\LTDv2\frames\frames\20210413\clip_32_1421\image_0023.jpg,3,-17.875233,15.380257
20210413,C:\junha\Datasets\LTDv2\frames\frames\20210413\clip_32_1421\image_0024.jpg,3,-17.866425,15.316593
20210413,C:\junha\Datasets\LTDv2\frames\frames\20210413\clip_32_1421\image_0025.jpg,3,-17.863459,15.31868
20210413,C:\junha\Datasets\LTDv2\frames\frames\20210413\clip_32_1421\image_0026.jpg,3,-15.719454,16.502367
20210413,C:\junha\Datasets\LTDv2\frames\frames\20210413\clip_32_1421\image_0027.jpg,3,-14.966396,16.414665
20210413,C:\junha\Datasets\LTDv2\frames\frames\20210413\clip_32_1421\image_0028.jpg,3,-18.892464,14.853779
20210413,C:\junha\Datasets\LTDv2\frames\frames\20210413\clip_32_1421\image_0029.jpg,3,-17.87159,19.164034
20210413,C:\junha\Datasets\LTDv2\frames\frames\20210413\clip_32_1421\image_0030.jpg,3,-22.550354,15.695123
20210413,C:\junha\Datasets\LTDv2\frames\frames\20210413\clip_32_1421\image_0031.jpg,3,-22.154737,16.098286
20210413,C:\junha\Datasets\LTDv2\frames\frames\20210413\clip_32_1421\image_0032.jpg,3,-22.406116,16.59314
20210413,C:\junha\Datasets\LTDv2\frames\frames\20210413\clip_32_1421\image_0033.jpg,3,-18.480873,15.399573
20210413,C:\junha\Datasets\LTDv2\frames\frames\20210413\clip_32_1421\image_0034.jpg,3,-15.176196,19.456556
20210413,C:\junha\Datasets\LTDv2\frames\frames\20210413\clip_32_1421\image_0035.jpg,3,-14.737726,16.843624
20210413,C:\junha\Datasets\LTDv2\frames\frames\20210413\clip_32_1421\image_0036.jpg,3,-21.04271,15.615311
20210413,C:\junha\Datasets\LTDv2\frames\frames\20210413\clip_32_1421\image_0037.jpg,3,-21.297443,15.776325
20210413,C:\junha\Datasets\LTDv2\frames\frames\20210413\clip_32_1421\image_0038.jpg,3,-21.277897,15.713929
20210413,C:\junha\Datasets\LTDv2\frames\frames\20210413\clip_32_1421\image_0039.jpg,3,-19.475443,17.60639
20210413,C:\junha\Datasets\LTDv2\frames\frames\20210413\clip_32_1421\image_0040.jpg,3,-21.102259,15.928897
20210413,C:\junha\Datasets\LTDv2\frames\frames\20210413\clip_32_1421\image_0041.jpg,3,-18.558462,16.766912
20210413,C:\junha\Datasets\LTDv2\frames\frames\20210413\clip_32_1421\image_0042.jpg,3,-18.807346,16.18853
20210413,C:\junha\Datasets\LTDv2\frames\frames\20210413\clip_32_1421\image_0043.jpg,3,-19.661682,17.564156
20210413,C:\junha\Datasets\LTDv2\frames\frames\20210413\clip_32_1421\image_0044.jpg,3,-19.772099,17.68353
20210413,C:\junha\Datasets\LTDv2\frames\frames\20210413\clip_32_1421\image_0045.jpg,3,-19.894785,12.842862
20210413,C:\junha\Datasets\LTDv2\frames\frames\20210413\clip_32_1421\image_0046.jpg,3,-19.917233,12.785319
20210413,C:\junha\Datasets\LTDv2\frames\frames\20210413\clip_32_1421\image_0047.jpg,3,-19.898272,12.816491
20210413,C:\junha\Datasets\LTDv2\frames\frames\20210413\clip_32_1421\image_0048.jpg,3,-19.857044,12.844164
20210413,C:\junha\Datasets\LTDv2\frames\frames\20210413\clip_32_1421\image_0049.jpg,3,-13.407606,20.26502
20210413,C:\junha\Datasets\LTDv2\frames\frames\20210413\clip_32_1421\image_0050.jpg,3,-13.314546,20.316471
20210413,C:\junha\Datasets\LTDv2\frames\frames\20210413\clip_32_1421\image_0051.jpg,3,-20.97935,14.881982
20210413,C:\junha\Datasets\LTDv2\frames\frames\20210413\clip_32_1421\image_0052.jpg,3,-26.867275,18.279972
20210413,C:\junha\Datasets\LTDv2\frames\frames\20210413\clip_32_1421\image_0053.jpg,3,-21.554256,16.250587
20210413,C:\junha\Datasets\LTDv2\frames\frames\20210413\clip_32_1421\image_0054.jpg,3,-24.531652,17.636541
20210413,C:\junha\Datasets\LTDv2\frames\frames\20210413\clip_32_1421\image_0055.jpg,3,-20.003761,14.863253
20210413,C:\junha\Datasets\LTDv2\frames\frames\20210413\clip_32_1421\image_0056.jpg,3,-19.909647,15.098516
20210413,C:\junha\Datasets\LTDv2\frames\frames\20210413\clip_32_1421\image_0057.jpg,3,-20.163174,15.540425
20210413,C:\junha\Datasets\LTDv2\frames\frames\20210413\clip_32_1421\image_0058.jpg,3,-20.354113,16.803396
20210413,C:\junha\Datasets\LTDv2\frames\frames\20210413\clip_32_1421\image_0059.jpg,3,-23.838003,15.407621
20210413,C:\junha\Datasets\LTDv2\frames\frames\20210413\clip_32_1421\image_0060.jpg,3,-25.375826,17.138071
20210413,C:\junha\Datasets\LTDv2\frames\frames\20210413\clip_32_1421\image_0061.jpg,3,-24.176746,15.638415
20210413,C:\junha\Datasets\LTDv2\frames\frames\20210413\clip_32_1421\image_0062.jpg,3,-23.959097,15.499686
20210413,C:\junha\Datasets\LTDv2\frames\frames\20210413\clip_32_1421\image_0063.jpg,3,-24.098234,15.771156
20210413,C:\junha\Datasets\LTDv2\frames\frames\20210413\clip_32_1421\image_0064.jpg,3,-16.228432,20.033424
20210413,C:\junha\Datasets\LTDv2\frames\frames\20210413\clip_32_1421\image_0065.jpg,3,-16.146755,20.479641
20210413,C:\junha\Datasets\LTDv2\frames\frames\20210413\clip_32_1421\image_0066.jpg,3,-16.402311,20.628323
20210413,C:\junha\Datasets\LTDv2\frames\frames\20210413\clip_32_1421\image_0067.jpg,3,-16.991077,20.397146
20210413,C:\junha\Datasets\LTDv2\frames\frames\20210413\clip_32_1421\image_0068.jpg,3,-16.75486,20.635773
20210413,C:\junha\Datasets\LTDv2\frames\frames\20210413\clip_32_1421\image_0069.jpg,3,-17.983702,19.032019
20210413,C:\junha\Datasets\LTDv2\frames\frames\20210413\clip_32_1421\image_0070.jpg,3,-22.194462,17.523397
20210413,C:\junha\Datasets\LTDv2\frames\frames\20210413\clip_32_1421\image_0071.jpg,3,-18.09922,18.652456
20210413,C:\junha\Datasets\LTDv2\frames\frames\20210413\clip_32_1421\image_0072.jpg,3,-18.131683,18.123291
20210413,C:\junha\Datasets\LTDv2\frames\frames\20210413\clip_32_1421\image_0073.jpg,3,-18.147984,17.825218
20210413,C:\junha\Datasets\LTDv2\frames\frames\20210413\clip_32_1421\image_0074.jpg,3,-18.162666,17.705011
20210413,C:\junha\Datasets\LTDv2\frames\frames\20210413\clip_32_1421\image_0075.jpg,3,-17.37627,17.230782
20210413,C:\junha\Datasets\LTDv2\frames\frames\20210413\clip_32_1421\image_0076.jpg,3,-17.287922,17.229267
20210413,C:\junha\Datasets\LTDv2\frames\frames\20210413\clip_32_1421\image_0077.jpg,3,-23.15012,16.282999
20210413,C:\junha\Datasets\LTDv2\frames\frames\20210413\clip_32_1421\image_0078.jpg,3,-23.361153,16.26855
20210413,C:\junha\Datasets\LTDv2\frames\frames\20210413\clip_32_1421\image_0079.jpg,3,-21.91477,19.286999
20210413,C:\junha\Datasets\LTDv2\frames\frames\20210413\clip_32_1421\image_0080.jpg,3,-17.132019,22.187653
20210413,C:\junha\Datasets\LTDv2\frames\frames\20210413\clip_32_1421\image_0081.jpg,3,-18.112719,21.835373
20210413,C:\junha\Datasets\LTDv2\frames\frames\20210413\clip_32_1421\image_0082.jpg,3,-21.949009,19.239784
20210413,C:\junha\Datasets\LTDv2\frames\frames\20210413\clip_32_1421\image_0083.jpg,3,-18.23818,21.621323
20210413,C:\junha\Datasets\LTDv2\frames\frames\20210413\clip_32_1421\image_0084.jpg,3,-18.199703,21.70166
20210413,C:\junha\Datasets\LTDv2\frames\frames\20210413\clip_32_1421\image_0085.jpg,3,-18.747873,20.650444
20210413,C:\junha\Datasets\LTDv2\frames\frames\20210413\clip_32_1421\image_0086.jpg,3,-23.411396,17.188848
20210413,C:\junha\Datasets\LTDv2\frames\frames\20210413\clip_32_1421\image_0087.jpg,3,-19.830975,20.066908
20210413,C:\junha\Datasets\LTDv2\frames\frames\20210413\clip_32_1421\image_0088.jpg,3,-19.765549,20.073502
20210413,C:\junha\Datasets\LTDv2\frames\frames\20210413\clip_32_1421\image_0089.jpg,3,-19.83284,20.077665
20210413,C:\junha\Datasets\LTDv2\frames\frames\20210413\clip_32_1421\image_0090.jpg,3,-24.044628,17.234848
20210413,C:\junha\Datasets\LTDv2\frames\frames\20210413\clip_32_1421\image_0091.jpg,3,-23.171545,17.84986
20210413,C:\junha\Datasets\LTDv2\frames\frames\20210413\clip_32_1421\image_0092.jpg,3,-23.186695,17.855732
20210413,C:\junha\Datasets\LTDv2\frames\frames\20210413\clip_32_1421\image_0093.jpg,3,-25.722122,17.29959
20210413,C:\junha\Datasets\LTDv2\frames\frames\20210413\clip_32_1421\image_0094.jpg,3,-18.231045,15.726113
20210413,C:\junha\Datasets\LTDv2\frames\frames\20210413\clip_32_1421\image_0095.jpg,3,-18.691822,18.538994
20210413,C:\junha\Datasets\LTDv2\frames\frames\20210413\clip_32_1421\image_0096.jpg,3,-17.867207,20.97517
20210413,C:\junha\Datasets\LTDv2\frames\frames\20210413\clip_32_1421\image_0097.jpg,3,-17.584806,20.759043
20210413,C:\junha\Datasets\LTDv2\frames\frames\20210413\clip_32_1421\image_0098.jpg,3,-13.3150625,20.235798
20210413,C:\junha\Datasets\LTDv2\frames\frames\20210413\clip_32_1421\image_0099.jpg,3,-16.707624,22.613426
20210413,C:\junha\Datasets\LTDv2\frames\frames\20210413\clip_32_1421\image_0100.jpg,3,-16.772985,21.505743
20210413,C:\junha\Datasets\LTDv2\frames\frames\20210413\clip_32_1421\image_0101.jpg,3,-16.914694,21.236013
20210413,C:\junha\Datasets\LTDv2\frames\frames\20210413\clip_32_1421\image_0102.jpg,3,-18.913132,19.32967
20210413,C:\junha\Datasets\LTDv2\frames\frames\20210413\clip_32_1421\image_0103.jpg,3,-16.9732,17.854229
20210413,C:\junha\Datasets\LTDv2\frames\frames\20210413\clip_32_1421\image_0104.jpg,3,-17.205526,17.844822
20210413,C:\junha\Datasets\LTDv2\frames\frames\20210413\clip_32_1421\image_0105.jpg,3,-16.720589,18.058365
20210413,C:\junha\Datasets\LTDv2\frames\frames\20210413\clip_32_1421\image_0106.jpg,3,-16.211803,17.957527
20210413,C:\junha\Datasets\LTDv2\frames\frames\20210413\clip_32_1421\image_0107.jpg,3,-16.074965,18.283035
20210413,C:\junha\Datasets\LTDv2\frames\frames\20210413\clip_32_1421\image_0108.jpg,3,-16.50158,18.161228
20210413,C:\junha\Datasets\LTDv2\frames\frames\20210413\clip_32_1421\image_0109.jpg,3,-18.124516,23.242289
20210413,C:\junha\Datasets\LTDv2\frames\frames\20210413\clip_32_1421\image_0110.jpg,3,-16.957954,18.920252
20210413,C:\junha\Datasets\LTDv2\frames\frames\20210413\clip_32_1421\image_0111.jpg,3,-20.733036,18.99489
20210413,C:\junha\Datasets\LTDv2\frames\frames\20210413\clip_32_1421\image_0112.jpg,3,-24.200571,17.996836
20210413,C:\junha\Datasets\LTDv2\frames\frames\20210413\clip_32_1421\image_0113.jpg,3,-25.201523,18.476196
20210413,C:\junha\Datasets\LTDv2\frames\frames\20210413\clip_32_1421\image_0114.jpg,3,-25.390306,18.525602
20210413,C:\junha\Datasets\LTDv2\frames\frames\20210413\clip_32_1421\image_0115.jpg,3,-23.979776,18.424747
20210413,C:\junha\Datasets\LTDv2\frames\frames\20210413\clip_32_1421\image_0116.jpg,3,-24.352568,18.378544
20210413,C:\junha\Datasets\LTDv2\frames\frames\20210413\clip_32_1421\image_0117.jpg,3,-24.604584,18.51111
20210413,C:\junha\Datasets\LTDv2\frames\frames\20210413\clip_32_1421\image_0118.jpg,3,-24.684772,18.390837
20210413,C:\junha\Datasets\LTDv2\frames\frames\20210413\clip_32_1421\image_0119.jpg,3,-20.57581,18.75288
20210413,C:\junha\Datasets\LTDv2\frames\frames\20210413\clip_33_1449\image_0000.jpg,3,-8.109901,33.074
20210413,C:\junha\Datasets\LTDv2\frames\frames\20210413\clip_33_1449\image_0001.jpg,3,-7.3516145,31.143917
20210413,C:\junha\Datasets\LTDv2\frames\frames\20210413\clip_33_1449\image_0002.jpg,3,-9.036582,30.795925
20210413,C:\junha\Datasets\LTDv2\frames\frames\20210413\clip_33_1449\image_0003.jpg,3,-9.310726,30.318783
20210413,C:\junha\Datasets\LTDv2\frames\frames\20210413\clip_33_1449\image_0004.jpg,3,-11.538908,25.815062
20210413,C:\junha\Datasets\LTDv2\frames\frames\20210413\clip_33_1449\image_0005.jpg,3,-10.879167,25.856207
20210413,C:\junha\Datasets\LTDv2\frames\frames\20210413\clip_33_1449\image_0006.jpg,3,-12.040246,25.827423
20210413,C:\junha\Datasets\LTDv2\frames\frames\20210413\clip_33_1449\image_0007.jpg,3,-11.851982,25.555948
20210413,C:\junha\Datasets\LTDv2\frames\frames\20210413\clip_33_1449\image_0008.jpg,3,-10.613611,25.324944
20210413,C:\junha\Datasets\LTDv2\frames\frames\20210413\clip_33_1449\image_0009.jpg,3,-11.439843,24.095078
20210413,C:\junha\Datasets\LTDv2\frames\frames\20210413\clip_33_1449\image_0010.jpg,3,-9.816389,24.352972
20210413,C:\junha\Datasets\LTDv2\frames\frames\20210413\clip_33_1449\image_0011.jpg,3,-9.749024,24.881405
20210413,C:\junha\Datasets\LTDv2\frames\frames\20210413\clip_33_1449\image_0012.jpg,3,-5.874619,24.00156
20210413,C:\junha\Datasets\LTDv2\frames\frames\20210413\clip_33_1449\image_0013.jpg,3,-9.0607605,30.164183
20210413,C:\junha\Datasets\LTDv2\frames\frames\20210413\clip_33_1449\image_0014.jpg,3,-23.974062,2.6158402
20210413,C:\junha\Datasets\LTDv2\frames\frames\20210413\clip_33_1449\image_0015.jpg,3,-5.774734,24.47708
20210413,C:\junha\Datasets\LTDv2\frames\frames\20210413\clip_33_1449\image_0016.jpg,3,-9.218893,26.35866
20210413,C:\junha\Datasets\LTDv2\frames\frames\20210413\clip_33_1449\image_0017.jpg,3,-9.357332,26.41021
20210413,C:\junha\Datasets\LTDv2\frames\frames\20210413\clip_33_1449\image_0018.jpg,3,-10.175556,29.483994
20210413,C:\junha\Datasets\LTDv2\frames\frames\20210413\clip_33_1449\image_0019.jpg,3,-10.058601,25.596317
20210413,C:\junha\Datasets\LTDv2\frames\frames\20210413\clip_33_1449\image_0020.jpg,3,-10.033464,29.830347
20210413,C:\junha\Datasets\LTDv2\frames\frames\20210413\clip_33_1449\image_0021.jpg,3,-10.11506,29.159554
20210413,C:\junha\Datasets\LTDv2\frames\frames\20210413\clip_33_1449\image_0022.jpg,3,-9.852363,23.963839
20210413,C:\junha\Datasets\LTDv2\frames\frames\20210413\clip_33_1449\image_0023.jpg,3,-10.04816,25.311192
20210413,C:\junha\Datasets\LTDv2\frames\frames\20210413\clip_33_1449\image_0024.jpg,3,-9.677101,24.724712
20210413,C:\junha\Datasets\LTDv2\frames\frames\20210413\clip_33_1449\image_0025.jpg,3,-26.283718,19.775446
20210413,C:\junha\Datasets\LTDv2\frames\frames\20210413\clip_33_1449\image_0026.jpg,3,-12.00926,27.017511
20210413,C:\junha\Datasets\LTDv2\frames\frames\20210413\clip_33_1449\image_0027.jpg,3,-11.93242,27.268078
20210413,C:\junha\Datasets\LTDv2\frames\frames\20210413\clip_33_1449\image_0028.jpg,4,-12.320336,31.14949
20210413,C:\junha\Datasets\LTDv2\frames\frames\20210413\clip_33_1449\image_0029.jpg,3,-11.438536,30.104387
20210413,C:\junha\Datasets\LTDv2\frames\frames\20210413\clip_33_1449\image_0030.jpg,3,-7.709237,30.267054
20210413,C:\junha\Datasets\LTDv2\frames\frames\20210413\clip_33_1449\image_0031.jpg,3,-7.571266,30.056065
20210413,C:\junha\Datasets\LTDv2\frames\frames\20210413\clip_33_1449\image_0032.jpg,3,-7.3235703,27.560444
20210413,C:\junha\Datasets\LTDv2\frames\frames\20210413\clip_33_1449\image_0033.jpg,3,-7.102306,27.647425
20210413,C:\junha\Datasets\LTDv2\frames\frames\20210413\clip_33_1449\image_0034.jpg,3,-5.8849545,27.397697
20210413,C:\junha\Datasets\LTDv2\frames\frames\20210413\clip_33_1449\image_0035.jpg,3,-5.1590066,26.711187
20210413,C:\junha\Datasets\LTDv2\frames\frames\20210413\clip_33_1449\image_0036.jpg,3,-23.521261,7.4561934
20210413,C:\junha\Datasets\LTDv2\frames\frames\20210413\clip_33_1449\image_0037.jpg,3,-23.526857,7.4543247
20210413,C:\junha\Datasets\LTDv2\frames\frames\20210413\clip_33_1449\image_0038.jpg,3,-7.5116763,26.661814
20210413,C:\junha\Datasets\LTDv2\frames\frames\20210413\clip_33_1449\image_0039.jpg,3,-7.195261,27.98026
20210413,C:\junha\Datasets\LTDv2\frames\frames\20210413\clip_33_1449\image_0040.jpg,3,-7.700695,29.442947
20210413,C:\junha\Datasets\LTDv2\frames\frames\20210413\clip_33_1449\image_0041.jpg,3,-7.3713384,25.115257
20210413,C:\junha\Datasets\LTDv2\frames\frames\20210413\clip_33_1449\image_0042.jpg,3,-7.4685163,24.841343
20210413,C:\junha\Datasets\LTDv2\frames\frames\20210413\clip_33_1449\image_0043.jpg,3,-6.48204,29.663387
20210413,C:\junha\Datasets\LTDv2\frames\frames\20210413\clip_33_1449\image_0044.jpg,3,-7.7580423,24.346169
20210413,C:\junha\Datasets\LTDv2\frames\frames\20210413\clip_33_1449\image_0045.jpg,3,-8.123768,23.685608
20210413,C:\junha\Datasets\LTDv2\frames\frames\20210413\clip_33_1449\image_0046.jpg,3,-7.9646034,24.038551
20210413,C:\junha\Datasets\LTDv2\frames\frames\20210413\clip_33_1449\image_0047.jpg,3,-10.897028,25.817633
20210413,C:\junha\Datasets\LTDv2\frames\frames\20210413\clip_33_1449\image_0048.jpg,3,-9.846235,32.177223
20210413,C:\junha\Datasets\LTDv2\frames\frames\20210413\clip_33_1449\image_0049.jpg,2,-9.804069,33.20166
20210413,C:\junha\Datasets\LTDv2\frames\frames\20210413\clip_33_1449\image_0050.jpg,3,-6.529265,24.521555
20210413,C:\junha\Datasets\LTDv2\frames\frames\20210413\clip_33_1449\image_0051.jpg,3,-8.378518,23.76861
20210413,C:\junha\Datasets\LTDv2\frames\frames\20210413\clip_33_1449\image_0052.jpg,3,-8.768203,24.197557
20210413,C:\junha\Datasets\LTDv2\frames\frames\20210413\clip_33_1449\image_0053.jpg,3,-8.765338,24.040798
20210413,C:\junha\Datasets\LTDv2\frames\frames\20210413\clip_33_1449\image_0054.jpg,3,-10.024252,22.613077
20210413,C:\junha\Datasets\LTDv2\frames\frames\20210413\clip_33_1449\image_0055.jpg,3,-10.009408,22.601221
20210413,C:\junha\Datasets\LTDv2\frames\frames\20210413\clip_33_1449\image_0056.jpg,3,-9.325951,24.372665
20210413,C:\junha\Datasets\LTDv2\frames\frames\20210413\clip_33_1449\image_0057.jpg,3,-10.668384,32.56534
20210413,C:\junha\Datasets\LTDv2\frames\frames\20210413\clip_33_1449\image_0058.jpg,3,-10.480721,32.782333
20210413,C:\junha\Datasets\LTDv2\frames\frames\20210413\clip_33_1449\image_0059.jpg,3,-8.791507,32.992355
20210413,C:\junha\Datasets\LTDv2\frames\frames\20210413\clip_33_1449\image_0060.jpg,3,-9.12147,28.364168
20210413,C:\junha\Datasets\LTDv2\frames\frames\20210413\clip_33_1449\image_0061.jpg,3,-10.313261,27.646503
20210413,C:\junha\Datasets\LTDv2\frames\frames\20210413\clip_33_1449\image_0062.jpg,3,-10.1971,27.811386
20210413,C:\junha\Datasets\LTDv2\frames\frames\20210413\clip_33_1449\image_0063.jpg,3,-10.206322,27.985804
20210413,C:\junha\Datasets\LTDv2\frames\frames\20210413\clip_33_1449\image_0064.jpg,3,-10.303161,27.673851
20210413,C:\junha\Datasets\LTDv2\frames\frames\20210413\clip_33_1449\image_0065.jpg,3,-10.391259,27.639755
20210413,C:\junha\Datasets\LTDv2\frames\frames\20210413\clip_33_1449\image_0066.jpg,3,-10.532773,27.672607
20210413,C:\junha\Datasets\LTDv2\frames\frames\20210413\clip_33_1449\image_0067.jpg,2,-10.235535,33.039833
20210413,C:\junha\Datasets\LTDv2\frames\frames\20210413\clip_33_1449\image_0068.jpg,3,-11.192088,29.436697
20210413,C:\junha\Datasets\LTDv2\frames\frames\20210413\clip_33_1449\image_0069.jpg,3,-8.740817,32.198803
20210413,C:\junha\Datasets\LTDv2\frames\frames\20210413\clip_33_1449\image_0070.jpg,3,-11.19979,30.10881
20210413,C:\junha\Datasets\LTDv2\frames\frames\20210413\clip_33_1449\image_0071.jpg,3,-10.832093,30.788378
20210413,C:\junha\Datasets\LTDv2\frames\frames\20210413\clip_33_1449\image_0072.jpg,3,-10.555255,30.860004
20210413,C:\junha\Datasets\LTDv2\frames\frames\20210413\clip_33_1449\image_0073.jpg,3,-8.867105,31.797598
20210413,C:\junha\Datasets\LTDv2\frames\frames\20210413\clip_33_1449\image_0074.jpg,3,-6.3497033,29.892483
20210413,C:\junha\Datasets\LTDv2\frames\frames\20210413\clip_33_1449\image_0075.jpg,3,-7.049752,30.414978
20210413,C:\junha\Datasets\LTDv2\frames\frames\20210413\clip_33_1449\image_0076.jpg,3,-7.336867,32.033455
20210413,C:\junha\Datasets\LTDv2\frames\frames\20210413\clip_33_1449\image_0077.jpg,3,-7.6283937,32.434895
20210413,C:\junha\Datasets\LTDv2\frames\frames\20210413\clip_33_1449\image_0078.jpg,3,-7.2715745,32.200016
20210413,C:\junha\Datasets\LTDv2\frames\frames\20210413\clip_33_1449\image_0079.jpg,3,-5.3304048,30.112165
20210413,C:\junha\Datasets\LTDv2\frames\frames\20210413\clip_33_1449\image_0080.jpg,3,-4.6238246,29.166397
20210413,C:\junha\Datasets\LTDv2\frames\frames\20210413\clip_33_1449\image_0081.jpg,3,-4.5933743,29.089855
20210413,C:\junha\Datasets\LTDv2\frames\frames\20210413\clip_33_1449\image_0082.jpg,3,-4.5237226,28.757172
20210413,C:\junha\Datasets\LTDv2\frames\frames\20210413\clip_33_1449\image_0083.jpg,3,-4.311749,28.980263
20210413,C:\junha\Datasets\LTDv2\frames\frames\20210413\clip_33_1449\image_0084.jpg,3,-4.2217407,28.652424
20210413,C:\junha\Datasets\LTDv2\frames\frames\20210413\clip_33_1449\image_0085.jpg,3,-4.1067753,28.751774
20210413,C:\junha\Datasets\LTDv2\frames\frames\20210413\clip_33_1449\image_0086.jpg,3,-4.217646,29.762491
20210413,C:\junha\Datasets\LTDv2\frames\frames\20210413\clip_33_1449\image_0087.jpg,3,-3.9108422,28.786842
20210413,C:\junha\Datasets\LTDv2\frames\frames\20210413\clip_33_1449\image_0088.jpg,3,-4.5928354,29.13433
20210413,C:\junha\Datasets\LTDv2\frames\frames\20210413\clip_33_1449\image_0089.jpg,3,-6.191708,32.148193
20210413,C:\junha\Datasets\LTDv2\frames\frames\20210413\clip_33_1449\image_0090.jpg,3,-6.5631356,31.949026
20210413,C:\junha\Datasets\LTDv2\frames\frames\20210413\clip_33_1449\image_0091.jpg,3,-5.918302,31.223242
20210413,C:\junha\Datasets\LTDv2\frames\frames\20210413\clip_33_1449\image_0092.jpg,3,-5.891461,31.217304
20210413,C:\junha\Datasets\LTDv2\frames\frames\20210413\clip_33_1449\image_0093.jpg,3,-5.704951,29.96684
20210413,C:\junha\Datasets\LTDv2\frames\frames\20210413\clip_33_1449\image_0094.jpg,3,-5.782354,30.976145
20210413,C:\junha\Datasets\LTDv2\frames\frames\20210413\clip_33_1449\image_0095.jpg,3,-5.973688,30.794281
20210413,C:\junha\Datasets\LTDv2\frames\frames\20210413\clip_33_1449\image_0096.jpg,3,-6.107269,31.0805
20210413,C:\junha\Datasets\LTDv2\frames\frames\20210413\clip_33_1449\image_0097.jpg,3,-5.974065,30.502615
20210413,C:\junha\Datasets\LTDv2\frames\frames\20210413\clip_33_1449\image_0098.jpg,3,-5.810882,30.375011
20210413,C:\junha\Datasets\LTDv2\frames\frames\20210413\clip_33_1449\image_0099.jpg,3,-5.3091946,27.723137
20210413,C:\junha\Datasets\LTDv2\frames\frames\20210413\clip_33_1449\image_0100.jpg,3,-5.4989734,29.004948
20210413,C:\junha\Datasets\LTDv2\frames\frames\20210413\clip_33_1449\image_0101.jpg,3,-5.359422,28.926928
20210413,C:\junha\Datasets\LTDv2\frames\frames\20210413\clip_33_1449\image_0102.jpg,3,-5.3032064,31.17405
20210413,C:\junha\Datasets\LTDv2\frames\frames\20210413\clip_33_1449\image_0103.jpg,3,-5.007273,30.750555
20210413,C:\junha\Datasets\LTDv2\frames\frames\20210413\clip_33_1449\image_0104.jpg,3,-3.9789758,29.850769
20210413,C:\junha\Datasets\LTDv2\frames\frames\20210413\clip_33_1449\image_0105.jpg,3,-3.6858702,29.838518
20210413,C:\junha\Datasets\LTDv2\frames\frames\20210413\clip_33_1449\image_0106.jpg,3,-4.4095407,30.353672
20210413,C:\junha\Datasets\LTDv2\frames\frames\20210413\clip_33_1449\image_0107.jpg,3,-4.329707,30.556976
20210413,C:\junha\Datasets\LTDv2\frames\frames\20210413\clip_33_1449\image_0108.jpg,3,-4.7798676,30.433475
20210413,C:\junha\Datasets\LTDv2\frames\frames\20210413\clip_33_1449\image_0109.jpg,3,-5.171262,27.404953
20210413,C:\junha\Datasets\LTDv2\frames\frames\20210413\clip_33_1449\image_0110.jpg,3,-4.9824634,27.79233
20210413,C:\junha\Datasets\LTDv2\frames\frames\20210413\clip_33_1449\image_0111.jpg,3,-4.6321607,26.465647
20210413,C:\junha\Datasets\LTDv2\frames\frames\20210413\clip_33_1449\image_0112.jpg,3,-6.2179375,29.236143
20210413,C:\junha\Datasets\LTDv2\frames\frames\20210413\clip_33_1449\image_0113.jpg,3,-6.298352,28.773817
20210413,C:\junha\Datasets\LTDv2\frames\frames\20210413\clip_33_1449\image_0114.jpg,3,-5.214028,25.180058
20210413,C:\junha\Datasets\LTDv2\frames\frames\20210413\clip_33_1449\image_0115.jpg,3,-4.943782,24.662256
20210413,C:\junha\Datasets\LTDv2\frames\frames\20210413\clip_33_1449\image_0116.jpg,3,-5.1930494,24.7638
20210413,C:\junha\Datasets\LTDv2\frames\frames\20210413\clip_33_1449\image_0117.jpg,3,-5.1941056,24.973381
20210413,C:\junha\Datasets\LTDv2\frames\frames\20210413\clip_33_1449\image_0118.jpg,3,-5.143079,25.408127
20210413,C:\junha\Datasets\LTDv2\frames\frames\20210413\clip_33_1449\image_0119.jpg,3,-8.241791,33.011578
20210413,C:\junha\Datasets\LTDv2\frames\frames\20210413\clip_34_1517\image_0000.jpg,3,-27.57729,37.96119
20210413,C:\junha\Datasets\LTDv2\frames\frames\20210413\clip_34_1517\image_0001.jpg,3,-27.585127,38.008522
20210413,C:\junha\Datasets\LTDv2\frames\frames\20210413\clip_34_1517\image_0002.jpg,3,-27.747335,38.20483
20210413,C:\junha\Datasets\LTDv2\frames\frames\20210413\clip_34_1517\image_0003.jpg,3,-27.845737,38.309673
20210413,C:\junha\Datasets\LTDv2\frames\frames\20210413\clip_34_1517\image_0004.jpg,3,-28.254812,38.731182
20210413,C:\junha\Datasets\LTDv2\frames\frames\20210413\clip_34_1517\image_0005.jpg,3,-28.153444,38.69931
20210413,C:\junha\Datasets\LTDv2\frames\frames\20210413\clip_34_1517\image_0006.jpg,3,-28.384829,38.857998
20210413,C:\junha\Datasets\LTDv2\frames\frames\20210413\clip_34_1517\image_0007.jpg,4,-32.31945,38.30188
20210413,C:\junha\Datasets\LTDv2\frames\frames\20210413\clip_34_1517\image_0008.jpg,8,-32.332073,38.35498
20210413,C:\junha\Datasets\LTDv2\frames\frames\20210413\clip_34_1517\image_0009.jpg,3,-31.076836,39.882374
20210413,C:\junha\Datasets\LTDv2\frames\frames\20210413\clip_34_1517\image_0010.jpg,3,-32.023113,43.287994
20210413,C:\junha\Datasets\LTDv2\frames\frames\20210413\clip_34_1517\image_0011.jpg,3,-32.001163,43.734776
20210413,C:\junha\Datasets\LTDv2\frames\frames\20210413\clip_34_1517\image_0012.jpg,3,-31.989433,43.118664
20210413,C:\junha\Datasets\LTDv2\frames\frames\20210413\clip_34_1517\image_0013.jpg,3,-32.0008,42.8874
20210413,C:\junha\Datasets\LTDv2\frames\frames\20210413\clip_34_1517\image_0014.jpg,3,-34.710407,46.645256
20210413,C:\junha\Datasets\LTDv2\frames\frames\20210413\clip_34_1517\image_0015.jpg,3,-34.68572,46.716316
20210413,C:\junha\Datasets\LTDv2\frames\frames\20210413\clip_34_1517\image_0016.jpg,3,-34.55194,44.974728
20210413,C:\junha\Datasets\LTDv2\frames\frames\20210413\clip_34_1517\image_0017.jpg,3,-34.608906,44.761536
20210413,C:\junha\Datasets\LTDv2\frames\frames\20210413\clip_34_1517\image_0018.jpg,3,-34.724518,45.598423
20210413,C:\junha\Datasets\LTDv2\frames\frames\20210413\clip_34_1517\image_0019.jpg,4,-35.202015,48.098747
20210413,C:\junha\Datasets\LTDv2\frames\frames\20210413\clip_34_1517\image_0020.jpg,4,-35.154766,47.47869
20210413,C:\junha\Datasets\LTDv2\frames\frames\20210413\clip_34_1517\image_0021.jpg,4,-34.692665,49.24098
20210413,C:\junha\Datasets\LTDv2\frames\frames\20210413\clip_34_1517\image_0022.jpg,3,-34.12365,49.40354
20210413,C:\junha\Datasets\LTDv2\frames\frames\20210413\clip_34_1517\image_0023.jpg,3,-33.02987,41.666393
20210413,C:\junha\Datasets\LTDv2\frames\frames\20210413\clip_34_1517\image_0024.jpg,3,-33.203045,45.65425
20210413,C:\junha\Datasets\LTDv2\frames\frames\20210413\clip_34_1517\image_0025.jpg,4,-34.59584,49.57592
20210413,C:\junha\Datasets\LTDv2\frames\frames\20210413\clip_34_1517\image_0026.jpg,4,-33.971405,50.351864
20210413,C:\junha\Datasets\LTDv2\frames\frames\20210413\clip_34_1517\image_0027.jpg,3,-35.119762,41.79041
20210413,C:\junha\Datasets\LTDv2\frames\frames\20210413\clip_34_1517\image_0028.jpg,4,-35.393837,41.880947
20210413,C:\junha\Datasets\LTDv2\frames\frames\20210413\clip_34_1517\image_0029.jpg,4,-35.23206,49.745136
20210413,C:\junha\Datasets\LTDv2\frames\frames\20210413\clip_34_1517\image_0030.jpg,4,-35.46072,50.024975
20210413,C:\junha\Datasets\LTDv2\frames\frames\20210413\clip_34_1517\image_0031.jpg,3,-33.874416,45.751007
20210413,C:\junha\Datasets\LTDv2\frames\frames\20210413\clip_34_1517\image_0032.jpg,4,-34.70867,48.626373
20210413,C:\junha\Datasets\LTDv2\frames\frames\20210413\clip_34_1517\image_0033.jpg,4,-33.40377,45.887917
20210413,C:\junha\Datasets\LTDv2\frames\frames\20210413\clip_34_1517\image_0034.jpg,4,-33.161457,45.399002
20210413,C:\junha\Datasets\LTDv2\frames\frames\20210413\clip_34_1517\image_0035.jpg,4,-35.12564,43.810814
20210413,C:\junha\Datasets\LTDv2\frames\frames\20210413\clip_34_1517\image_0036.jpg,4,-34.980694,43.632717
20210413,C:\junha\Datasets\LTDv2\frames\frames\20210413\clip_34_1517\image_0037.jpg,4,-34.749107,42.843185
20210413,C:\junha\Datasets\LTDv2\frames\frames\20210413\clip_34_1517\image_0038.jpg,3,-34.42639,42.636726
20210413,C:\junha\Datasets\LTDv2\frames\frames\20210413\clip_34_1517\image_0039.jpg,4,-35.268913,43.093033
20210413,C:\junha\Datasets\LTDv2\frames\frames\20210413\clip_34_1517\image_0040.jpg,3,-34.957626,42.916027
20210413,C:\junha\Datasets\LTDv2\frames\frames\20210413\clip_34_1517\image_0041.jpg,4,-35.134014,43.33012
20210413,C:\junha\Datasets\LTDv2\frames\frames\20210413\clip_34_1517\image_0042.jpg,3,-33.797684,43.303238
20210413,C:\junha\Datasets\LTDv2\frames\frames\20210413\clip_34_1517\image_0043.jpg,3,-33.58174,42.253517
20210413,C:\junha\Datasets\LTDv2\frames\frames\20210413\clip_34_1517\image_0044.jpg,3,-33.769676,43.32487
20210413,C:\junha\Datasets\LTDv2\frames\frames\20210413\clip_34_1517\image_0045.jpg,3,-33.79222,43.449802
20210413,C:\junha\Datasets\LTDv2\frames\frames\20210413\clip_34_1517\image_0046.jpg,4,-34.060734,42.854748
20210413,C:\junha\Datasets\LTDv2\frames\frames\20210413\clip_34_1517\image_0047.jpg,3,-32.807796,46.733894
20210413,C:\junha\Datasets\LTDv2\frames\frames\20210413\clip_34_1517\image_0048.jpg,3,-33.005585,46.739506
20210413,C:\junha\Datasets\LTDv2\frames\frames\20210413\clip_34_1517\image_0049.jpg,3,-34.23583,47.291553
20210413,C:\junha\Datasets\LTDv2\frames\frames\20210413\clip_34_1517\image_0050.jpg,3,-33.428394,46.65516
20210413,C:\junha\Datasets\LTDv2\frames\frames\20210413\clip_34_1517\image_0051.jpg,3,-33.665184,46.373276
20210413,C:\junha\Datasets\LTDv2\frames\frames\20210413\clip_34_1517\image_0052.jpg,3,-32.60513,42.006916
20210413,C:\junha\Datasets\LTDv2\frames\frames\20210413\clip_34_1517\image_0053.jpg,3,-31.717495,42.054447
20210413,C:\junha\Datasets\LTDv2\frames\frames\20210413\clip_34_1517\image_0054.jpg,3,-31.743341,42.04592
20210413,C:\junha\Datasets\LTDv2\frames\frames\20210413\clip_34_1517\image_0055.jpg,3,-31.539728,42.348248
20210413,C:\junha\Datasets\LTDv2\frames\frames\20210413\clip_34_1517\image_0056.jpg,3,-31.772203,42.03509
20210413,C:\junha\Datasets\LTDv2\frames\frames\20210413\clip_34_1517\image_0057.jpg,3,-31.639603,41.055225
20210413,C:\junha\Datasets\LTDv2\frames\frames\20210413\clip_34_1517\image_0058.jpg,3,-31.071905,40.430885
20210413,C:\junha\Datasets\LTDv2\frames\frames\20210413\clip_34_1517\image_0059.jpg,3,-33.83543,47.423122
20210413,C:\junha\Datasets\LTDv2\frames\frames\20210413\clip_34_1517\image_0060.jpg,3,-33.80916,47.333126
20210413,C:\junha\Datasets\LTDv2\frames\frames\20210413\clip_34_1517\image_0061.jpg,3,-33.959522,47.593662
20210413,C:\junha\Datasets\LTDv2\frames\frames\20210413\clip_34_1517\image_0062.jpg,3,-33.98518,47.54078
20210413,C:\junha\Datasets\LTDv2\frames\frames\20210413\clip_34_1517\image_0063.jpg,3,-34.39031,47.488876
20210413,C:\junha\Datasets\LTDv2\frames\frames\20210413\clip_34_1517\image_0064.jpg,4,-34.948242,47.577545
20210413,C:\junha\Datasets\LTDv2\frames\frames\20210413\clip_34_1517\image_0065.jpg,3,-35.251286,45.078213
20210413,C:\junha\Datasets\LTDv2\frames\frames\20210413\clip_34_1517\image_0066.jpg,3,-35.360165,45.782654
20210413,C:\junha\Datasets\LTDv2\frames\frames\20210413\clip_34_1517\image_0067.jpg,3,-35.892944,46.48853
20210413,C:\junha\Datasets\LTDv2\frames\frames\20210413\clip_34_1517\image_0068.jpg,3,-36.038338,46.369606
20210413,C:\junha\Datasets\LTDv2\frames\frames\20210413\clip_34_1517\image_0069.jpg,4,-37.197113,47.19396
20210413,C:\junha\Datasets\LTDv2\frames\frames\20210413\clip_34_1517\image_0070.jpg,4,-36.283802,42.241127
20210413,C:\junha\Datasets\LTDv2\frames\frames\20210413\clip_34_1517\image_0071.jpg,4,-37.159405,47.129738
20210413,C:\junha\Datasets\LTDv2\frames\frames\20210413\clip_34_1517\image_0072.jpg,3,-33.600864,42.792046
20210413,C:\junha\Datasets\LTDv2\frames\frames\20210413\clip_34_1517\image_0073.jpg,4,-34.785652,39.03098
20210413,C:\junha\Datasets\LTDv2\frames\frames\20210413\clip_34_1517\image_0074.jpg,4,-34.713367,38.960194
20210413,C:\junha\Datasets\LTDv2\frames\frames\20210413\clip_34_1517\image_0075.jpg,4,-34.90437,39.030163
20210413,C:\junha\Datasets\LTDv2\frames\frames\20210413\clip_34_1517\image_0076.jpg,4,-38.46061,47.42783
20210413,C:\junha\Datasets\LTDv2\frames\frames\20210413\clip_34_1517\image_0077.jpg,8,-34.26442,38.533485
20210413,C:\junha\Datasets\LTDv2\frames\frames\20210413\clip_34_1517\image_0078.jpg,3,-34.36445,39.0049
20210413,C:\junha\Datasets\LTDv2\frames\frames\20210413\clip_34_1517\image_0079.jpg,4,-37.31171,50.097786
20210413,C:\junha\Datasets\LTDv2\frames\frames\20210413\clip_34_1517\image_0080.jpg,4,-37.34685,49.985214
20210413,C:\junha\Datasets\LTDv2\frames\frames\20210413\clip_34_1517\image_0081.jpg,4,-36.526207,39.6375
20210413,C:\junha\Datasets\LTDv2\frames\frames\20210413\clip_34_1517\image_0082.jpg,4,-36.49125,39.596287
20210413,C:\junha\Datasets\LTDv2\frames\frames\20210413\clip_34_1517\image_0083.jpg,4,-36.5104,39.654606
20210413,C:\junha\Datasets\LTDv2\frames\frames\20210413\clip_34_1517\image_0084.jpg,4,-37.991257,44.491978
20210413,C:\junha\Datasets\LTDv2\frames\frames\20210413\clip_34_1517\image_0085.jpg,4,-37.683105,45.02664
20210413,C:\junha\Datasets\LTDv2\frames\frames\20210413\clip_34_1517\image_0086.jpg,4,-37.890697,44.884617
20210413,C:\junha\Datasets\LTDv2\frames\frames\20210413\clip_34_1517\image_0087.jpg,3,-37.046364,45.283363
20210413,C:\junha\Datasets\LTDv2\frames\frames\20210413\clip_34_1517\image_0088.jpg,4,-34.209602,42.32995
20210413,C:\junha\Datasets\LTDv2\frames\frames\20210413\clip_34_1517\image_0089.jpg,4,-37.649773,49.730545
20210413,C:\junha\Datasets\LTDv2\frames\frames\20210413\clip_34_1517\image_0090.jpg,3,-36.62161,44.151352
20210413,C:\junha\Datasets\LTDv2\frames\frames\20210413\clip_34_1517\image_0091.jpg,4,-36.797733,44.336433
20210413,C:\junha\Datasets\LTDv2\frames\frames\20210413\clip_34_1517\image_0092.jpg,4,-36.7622,44.086033
20210413,C:\junha\Datasets\LTDv2\frames\frames\20210413\clip_34_1517\image_0093.jpg,4,-36.31711,48.184975
20210413,C:\junha\Datasets\LTDv2\frames\frames\20210413\clip_34_1517\image_0094.jpg,4,-35.989887,49.279762
20210413,C:\junha\Datasets\LTDv2\frames\frames\20210413\clip_34_1517\image_0095.jpg,4,-36.275204,47.98244
20210413,C:\junha\Datasets\LTDv2\frames\frames\20210413\clip_34_1517\image_0096.jpg,4,-36.07613,41.808716
20210413,C:\junha\Datasets\LTDv2\frames\frames\20210413\clip_34_1517\image_0097.jpg,4,-34.49934,40.738853
20210413,C:\junha\Datasets\LTDv2\frames\frames\20210413\clip_34_1517\image_0098.jpg,4,-35.328686,41.03586
20210413,C:\junha\Datasets\LTDv2\frames\frames\20210413\clip_34_1517\image_0099.jpg,4,-39.01486,45.703537
20210413,C:\junha\Datasets\LTDv2\frames\frames\20210413\clip_34_1517\image_0100.jpg,4,-38.906757,45.85019
20210413,C:\junha\Datasets\LTDv2\frames\frames\20210413\clip_34_1517\image_0101.jpg,4,-38.94327,46.03065
20210413,C:\junha\Datasets\LTDv2\frames\frames\20210413\clip_34_1517\image_0102.jpg,3,-33.29648,40.97471
20210413,C:\junha\Datasets\LTDv2\frames\frames\20210413\clip_34_1517\image_0103.jpg,3,-33.147747,41.10181
20210413,C:\junha\Datasets\LTDv2\frames\frames\20210413\clip_34_1517\image_0104.jpg,3,-33.495014,40.7187
20210413,C:\junha\Datasets\LTDv2\frames\frames\20210413\clip_34_1517\image_0105.jpg,4,-36.951195,42.367558
20210413,C:\junha\Datasets\LTDv2\frames\frames\20210413\clip_34_1517\image_0106.jpg,3,-33.320324,40.725502
20210413,C:\junha\Datasets\LTDv2\frames\frames\20210413\clip_34_1517\image_0107.jpg,3,-37.227325,42.16695
20210413,C:\junha\Datasets\LTDv2\frames\frames\20210413\clip_34_1517\image_0108.jpg,4,-37.10561,42.21428
20210413,C:\junha\Datasets\LTDv2\frames\frames\20210413\clip_34_1517\image_0109.jpg,4,-37.491196,41.15468
20210413,C:\junha\Datasets\LTDv2\frames\frames\20210413\clip_34_1517\image_0110.jpg,4,-37.826405,49.680458
20210413,C:\junha\Datasets\LTDv2\frames\frames\20210413\clip_34_1517\image_0111.jpg,4,-37.280537,40.65032
20210413,C:\junha\Datasets\LTDv2\frames\frames\20210413\clip_34_1517\image_0112.jpg,4,-38.39127,48.37966
20210413,C:\junha\Datasets\LTDv2\frames\frames\20210413\clip_34_1517\image_0113.jpg,4,-38.35348,48.70253
20210413,C:\junha\Datasets\LTDv2\frames\frames\20210413\clip_34_1517\image_0114.jpg,3,-38.122963,49.153133
20210413,C:\junha\Datasets\LTDv2\frames\frames\20210413\clip_34_1517\image_0115.jpg,4,-38.089035,48.938354
20210413,C:\junha\Datasets\LTDv2\frames\frames\20210413\clip_34_1517\image_0116.jpg,4,-37.678417,42.68802
20210413,C:\junha\Datasets\LTDv2\frames\frames\20210413\clip_34_1517\image_0117.jpg,4,-38.079548,48.08011
20210413,C:\junha\Datasets\LTDv2\frames\frames\20210413\clip_34_1517\image_0118.jpg,4,-37.86208,48.292294
20210413,C:\junha\Datasets\LTDv2\frames\frames\20210413\clip_34_1517\image_0119.jpg,4,-37.528004,41.108692
20210413,C:\junha\Datasets\LTDv2\frames\frames\20210413\clip_35_1545\image_0000.jpg,3,-26.518532,46.556396
20210413,C:\junha\Datasets\LTDv2\frames\frames\20210413\clip_35_1545\image_0001.jpg,3,-26.370659,46.73183
20210413,C:\junha\Datasets\LTDv2\frames\frames\20210413\clip_35_1545\image_0002.jpg,4,-26.31936,47.32595
20210413,C:\junha\Datasets\LTDv2\frames\frames\20210413\clip_35_1545\image_0003.jpg,3,-25.868465,46.89532
20210413,C:\junha\Datasets\LTDv2\frames\frames\20210413\clip_35_1545\image_0004.jpg,4,-25.82601,47.010757
20210413,C:\junha\Datasets\LTDv2\frames\frames\20210413\clip_35_1545\image_0005.jpg,4,-27.48163,47.549736
20210413,C:\junha\Datasets\LTDv2\frames\frames\20210413\clip_35_1545\image_0006.jpg,4,-27.43981,47.544064
20210413,C:\junha\Datasets\LTDv2\frames\frames\20210413\clip_35_1545\image_0007.jpg,4,-25.9033,47.768524
20210413,C:\junha\Datasets\LTDv2\frames\frames\20210413\clip_35_1545\image_0008.jpg,4,-26.835213,48.35932
20210413,C:\junha\Datasets\LTDv2\frames\frames\20210413\clip_35_1545\image_0009.jpg,3,-27.732435,49.006348
20210413,C:\junha\Datasets\LTDv2\frames\frames\20210413\clip_35_1545\image_0010.jpg,4,-26.925243,49.53591
20210413,C:\junha\Datasets\LTDv2\frames\frames\20210413\clip_35_1545\image_0011.jpg,4,-23.466785,47.087463
20210413,C:\junha\Datasets\LTDv2\frames\frames\20210413\clip_35_1545\image_0012.jpg,4,-26.150908,50.22685
20210413,C:\junha\Datasets\LTDv2\frames\frames\20210413\clip_35_1545\image_0013.jpg,4,-26.594233,49.739906
20210413,C:\junha\Datasets\LTDv2\frames\frames\20210413\clip_35_1545\image_0014.jpg,4,-25.99787,50.34273
20210413,C:\junha\Datasets\LTDv2\frames\frames\20210413\clip_35_1545\image_0015.jpg,4,-23.614052,49.315422
20210413,C:\junha\Datasets\LTDv2\frames\frames\20210413\clip_35_1545\image_0016.jpg,4,-23.606712,49.713734
20210413,C:\junha\Datasets\LTDv2\frames\frames\20210413\clip_35_1545\image_0017.jpg,3,-20.359568,45.065853
20210413,C:\junha\Datasets\LTDv2\frames\frames\20210413\clip_35_1545\image_0018.jpg,3,-20.300713,45.149094
20210413,C:\junha\Datasets\LTDv2\frames\frames\20210413\clip_35_1545\image_0019.jpg,4,-27.158915,52.89179
20210413,C:\junha\Datasets\LTDv2\frames\frames\20210413\clip_35_1545\image_0020.jpg,4,-23.954597,48.0528
20210413,C:\junha\Datasets\LTDv2\frames\frames\20210413\clip_35_1545\image_0021.jpg,4,-24.664286,50.034294
20210413,C:\junha\Datasets\LTDv2\frames\frames\20210413\clip_35_1545\image_0022.jpg,4,-22.234755,48.32165
20210413,C:\junha\Datasets\LTDv2\frames\frames\20210413\clip_35_1545\image_0023.jpg,4,-20.870092,47.204533
20210413,C:\junha\Datasets\LTDv2\frames\frames\20210413\clip_35_1545\image_0024.jpg,8,-19.576061,44.62504
20210413,C:\junha\Datasets\LTDv2\frames\frames\20210413\clip_35_1545\image_0025.jpg,3,-20.485294,45.11792
20210413,C:\junha\Datasets\LTDv2\frames\frames\20210413\clip_35_1545\image_0026.jpg,4,-21.594437,47.72729
20210413,C:\junha\Datasets\LTDv2\frames\frames\20210413\clip_35_1545\image_0027.jpg,4,-21.961996,48.713863
20210413,C:\junha\Datasets\LTDv2\frames\frames\20210413\clip_35_1545\image_0028.jpg,4,-22.05525,48.652245
20210413,C:\junha\Datasets\LTDv2\frames\frames\20210413\clip_35_1545\image_0029.jpg,4,-23.97592,51.24701
20210413,C:\junha\Datasets\LTDv2\frames\frames\20210413\clip_35_1545\image_0030.jpg,4,-29.628004,50.882404
20210413,C:\junha\Datasets\LTDv2\frames\frames\20210413\clip_35_1545\image_0031.jpg,4,-24.648884,50.619812
20210413,C:\junha\Datasets\LTDv2\frames\frames\20210413\clip_35_1545\image_0032.jpg,4,-30.079773,49.76385
20210413,C:\junha\Datasets\LTDv2\frames\frames\20210413\clip_35_1545\image_0033.jpg,3,-23.982662,45.496727
20210413,C:\junha\Datasets\LTDv2\frames\frames\20210413\clip_35_1545\image_0034.jpg,4,-23.285229,45.76771
20210413,C:\junha\Datasets\LTDv2\frames\frames\20210413\clip_35_1545\image_0035.jpg,4,-25.5936,50.35393
20210413,C:\junha\Datasets\LTDv2\frames\frames\20210413\clip_35_1545\image_0036.jpg,3,-22.856037,47.499554
20210413,C:\junha\Datasets\LTDv2\frames\frames\20210413\clip_35_1545\image_0037.jpg,4,-20.04705,46.640503
20210413,C:\junha\Datasets\LTDv2\frames\frames\20210413\clip_35_1545\image_0038.jpg,8,-20.110876,46.18442
20210413,C:\junha\Datasets\LTDv2\frames\frames\20210413\clip_35_1545\image_0039.jpg,4,-24.462814,48.101597
20210413,C:\junha\Datasets\LTDv2\frames\frames\20210413\clip_35_1545\image_0040.jpg,4,-24.179537,48.304935
20210413,C:\junha\Datasets\LTDv2\frames\frames\20210413\clip_35_1545\image_0041.jpg,3,-24.145754,44.383446
20210413,C:\junha\Datasets\LTDv2\frames\frames\20210413\clip_35_1545\image_0042.jpg,3,-25.447308,45.435856
20210413,C:\junha\Datasets\LTDv2\frames\frames\20210413\clip_35_1545\image_0043.jpg,3,-24.299875,44.358353
20210413,C:\junha\Datasets\LTDv2\frames\frames\20210413\clip_35_1545\image_0044.jpg,3,-23.577248,44.399742
20210413,C:\junha\Datasets\LTDv2\frames\frames\20210413\clip_35_1545\image_0045.jpg,3,-23.193926,44.695465
20210413,C:\junha\Datasets\LTDv2\frames\frames\20210413\clip_35_1545\image_0046.jpg,3,-23.003347,44.539913
20210413,C:\junha\Datasets\LTDv2\frames\frames\20210413\clip_35_1545\image_0047.jpg,3,-24.047462,46.761253
20210413,C:\junha\Datasets\LTDv2\frames\frames\20210413\clip_35_1545\image_0048.jpg,4,-22.298962,48.19208
20210413,C:\junha\Datasets\LTDv2\frames\frames\20210413\clip_35_1545\image_0049.jpg,4,-27.043108,52.392513
20210413,C:\junha\Datasets\LTDv2\frames\frames\20210413\clip_35_1545\image_0050.jpg,3,-26.08022,45.15317
20210413,C:\junha\Datasets\LTDv2\frames\frames\20210413\clip_35_1545\image_0051.jpg,3,-25.45623,44.102985
20210413,C:\junha\Datasets\LTDv2\frames\frames\20210413\clip_35_1545\image_0052.jpg,3,-25.399214,44.136276
20210413,C:\junha\Datasets\LTDv2\frames\frames\20210413\clip_35_1545\image_0053.jpg,3,-25.13992,44.666748
20210413,C:\junha\Datasets\LTDv2\frames\frames\20210413\clip_35_1545\image_0054.jpg,3,-23.919558,43.90364
20210413,C:\junha\Datasets\LTDv2\frames\frames\20210413\clip_35_1545\image_0055.jpg,3,-23.47869,43.65743
20210413,C:\junha\Datasets\LTDv2\frames\frames\20210413\clip_35_1545\image_0056.jpg,3,-23.167704,44.06106
20210413,C:\junha\Datasets\LTDv2\frames\frames\20210413\clip_35_1545\image_0057.jpg,3,-23.888617,46.441387
20210413,C:\junha\Datasets\LTDv2\frames\frames\20210413\clip_35_1545\image_0058.jpg,3,-23.440758,44.191837
20210413,C:\junha\Datasets\LTDv2\frames\frames\20210413\clip_35_1545\image_0059.jpg,3,-26.16113,45.871502
20210413,C:\junha\Datasets\LTDv2\frames\frames\20210413\clip_35_1545\image_0060.jpg,4,-24.009966,45.818703
20210413,C:\junha\Datasets\LTDv2\frames\frames\20210413\clip_35_1545\image_0061.jpg,4,-26.162634,45.734478
20210413,C:\junha\Datasets\LTDv2\frames\frames\20210413\clip_35_1545\image_0062.jpg,3,-26.61185,45.45802
20210413,C:\junha\Datasets\LTDv2\frames\frames\20210413\clip_35_1545\image_0063.jpg,4,-27.153074,51.698017
20210413,C:\junha\Datasets\LTDv2\frames\frames\20210413\clip_35_1545\image_0064.jpg,4,-27.57434,51.291245
20210413,C:\junha\Datasets\LTDv2\frames\frames\20210413\clip_35_1545\image_0065.jpg,4,-28.464516,51.225273
20210413,C:\junha\Datasets\LTDv2\frames\frames\20210413\clip_35_1545\image_0066.jpg,4,-28.66538,51.02686
20210413,C:\junha\Datasets\LTDv2\frames\frames\20210413\clip_35_1545\image_0067.jpg,4,-28.74145,50.719204
20210413,C:\junha\Datasets\LTDv2\frames\frames\20210413\clip_35_1545\image_0068.jpg,4,-23.772863,48.86392
20210413,C:\junha\Datasets\LTDv2\frames\frames\20210413\clip_35_1545\image_0069.jpg,4,-27.75019,52.125008
20210413,C:\junha\Datasets\LTDv2\frames\frames\20210413\clip_35_1545\image_0070.jpg,4,-27.929539,51.2645
20210413,C:\junha\Datasets\LTDv2\frames\frames\20210413\clip_35_1545\image_0071.jpg,4,-27.776575,52.229263
20210413,C:\junha\Datasets\LTDv2\frames\frames\20210413\clip_35_1545\image_0072.jpg,4,-28.290781,52.565678
20210413,C:\junha\Datasets\LTDv2\frames\frames\20210413\clip_35_1545\image_0073.jpg,4,-28.921217,52.820396
20210413,C:\junha\Datasets\LTDv2\frames\frames\20210413\clip_35_1545\image_0074.jpg,4,-28.626057,52.085457
20210413,C:\junha\Datasets\LTDv2\frames\frames\20210413\clip_35_1545\image_0075.jpg,4,-29.778997,53.44519
20210413,C:\junha\Datasets\LTDv2\frames\frames\20210413\clip_35_1545\image_0076.jpg,4,-29.771631,53.415386
20210413,C:\junha\Datasets\LTDv2\frames\frames\20210413\clip_35_1545\image_0077.jpg,4,-29.785553,53.421635
20210413,C:\junha\Datasets\LTDv2\frames\frames\20210413\clip_35_1545\image_0078.jpg,4,-30.137486,53.582466
20210413,C:\junha\Datasets\LTDv2\frames\frames\20210413\clip_35_1545\image_0079.jpg,4,-22.497112,51.660698
20210413,C:\junha\Datasets\LTDv2\frames\frames\20210413\clip_35_1545\image_0080.jpg,4,-22.61857,51.342632
20210413,C:\junha\Datasets\LTDv2\frames\frames\20210413\clip_35_1545\image_0081.jpg,4,-22.093742,46.653015
20210413,C:\junha\Datasets\LTDv2\frames\frames\20210413\clip_35_1545\image_0082.jpg,4,-22.971735,46.75444
20210413,C:\junha\Datasets\LTDv2\frames\frames\20210413\clip_35_1545\image_0083.jpg,4,-22.878311,46.45496
20210413,C:\junha\Datasets\LTDv2\frames\frames\20210413\clip_35_1545\image_0084.jpg,0,-20.916195,44.4998
20210413,C:\junha\Datasets\LTDv2\frames\frames\20210413\clip_35_1545\image_0085.jpg,4,-22.43767,46.038803
20210413,C:\junha\Datasets\LTDv2\frames\frames\20210413\clip_35_1545\image_0086.jpg,4,-24.045656,46.963932
20210413,C:\junha\Datasets\LTDv2\frames\frames\20210413\clip_35_1545\image_0087.jpg,3,-22.502586,44.39565
20210413,C:\junha\Datasets\LTDv2\frames\frames\20210413\clip_35_1545\image_0088.jpg,3,-22.313532,44.263542
20210413,C:\junha\Datasets\LTDv2\frames\frames\20210413\clip_35_1545\image_0089.jpg,4,-23.344872,48.921055
20210413,C:\junha\Datasets\LTDv2\frames\frames\20210413\clip_35_1545\image_0090.jpg,4,-20.406528,47.820995
20210413,C:\junha\Datasets\LTDv2\frames\frames\20210413\clip_35_1545\image_0091.jpg,4,-21.090826,48.347557
20210413,C:\junha\Datasets\LTDv2\frames\frames\20210413\clip_35_1545\image_0092.jpg,4,-21.313406,47.912617
20210413,C:\junha\Datasets\LTDv2\frames\frames\20210413\clip_35_1545\image_0093.jpg,0,-21.497053,45.83499
20210413,C:\junha\Datasets\LTDv2\frames\frames\20210413\clip_35_1545\image_0094.jpg,0,-21.595562,46.03408
20210413,C:\junha\Datasets\LTDv2\frames\frames\20210413\clip_35_1545\image_0095.jpg,4,-21.795198,45.748257
20210413,C:\junha\Datasets\LTDv2\frames\frames\20210413\clip_35_1545\image_0096.jpg,4,-25.385351,48.583485
20210413,C:\junha\Datasets\LTDv2\frames\frames\20210413\clip_35_1545\image_0097.jpg,4,-25.887993,49.18545
20210413,C:\junha\Datasets\LTDv2\frames\frames\20210413\clip_35_1545\image_0098.jpg,4,-25.871025,48.755142
20210413,C:\junha\Datasets\LTDv2\frames\frames\20210413\clip_35_1545\image_0099.jpg,4,-27.57894,50.043953
20210413,C:\junha\Datasets\LTDv2\frames\frames\20210413\clip_35_1545\image_0100.jpg,4,-27.541176,49.96764
20210413,C:\junha\Datasets\LTDv2\frames\frames\20210413\clip_35_1545\image_0101.jpg,4,-26.752438,49.43286
20210413,C:\junha\Datasets\LTDv2\frames\frames\20210413\clip_35_1545\image_0102.jpg,4,-27.342619,51.971745
20210413,C:\junha\Datasets\LTDv2\frames\frames\20210413\clip_35_1545\image_0103.jpg,4,-26.933346,51.442024
20210413,C:\junha\Datasets\LTDv2\frames\frames\20210413\clip_35_1545\image_0104.jpg,4,-22.06608,49.479275
20210413,C:\junha\Datasets\LTDv2\frames\frames\20210413\clip_35_1545\image_0105.jpg,3,-21.89649,44.616257
20210413,C:\junha\Datasets\LTDv2\frames\frames\20210413\clip_35_1545\image_0106.jpg,0,-21.250977,45.05938
20210413,C:\junha\Datasets\LTDv2\frames\frames\20210413\clip_35_1545\image_0107.jpg,3,-22.770119,40.782185
20210413,C:\junha\Datasets\LTDv2\frames\frames\20210413\clip_35_1545\image_0108.jpg,3,-22.775232,40.80563
20210413,C:\junha\Datasets\LTDv2\frames\frames\20210413\clip_35_1545\image_0109.jpg,0,-19.281681,42.714184
20210413,C:\junha\Datasets\LTDv2\frames\frames\20210413\clip_35_1545\image_0110.jpg,0,-19.457409,42.812817
20210413,C:\junha\Datasets\LTDv2\frames\frames\20210413\clip_35_1545\image_0111.jpg,0,-19.265606,42.93241
20210413,C:\junha\Datasets\LTDv2\frames\frames\20210413\clip_35_1545\image_0112.jpg,0,-19.234118,42.81376
20210413,C:\junha\Datasets\LTDv2\frames\frames\20210413\clip_35_1545\image_0113.jpg,0,-19.154175,43.003185
20210413,C:\junha\Datasets\LTDv2\frames\frames\20210413\clip_35_1545\image_0114.jpg,0,-19.070213,43.062172
20210413,C:\junha\Datasets\LTDv2\frames\frames\20210413\clip_35_1545\image_0115.jpg,8,-18.72804,43.00194
20210413,C:\junha\Datasets\LTDv2\frames\frames\20210413\clip_35_1545\image_0116.jpg,3,-19.303198,43.221336
20210413,C:\junha\Datasets\LTDv2\frames\frames\20210413\clip_35_1545\image_0117.jpg,0,-19.256735,43.61392
20210413,C:\junha\Datasets\LTDv2\frames\frames\20210413\clip_35_1545\image_0118.jpg,3,-19.391375,43.48374
20210413,C:\junha\Datasets\LTDv2\frames\frames\20210413\clip_35_1545\image_0119.jpg,0,-19.341084,43.826515
20210413,C:\junha\Datasets\LTDv2\frames\frames\20210413\clip_36_1613\image_0000.jpg,4,-21.48386,64.82626
20210413,C:\junha\Datasets\LTDv2\frames\frames\20210413\clip_36_1613\image_0001.jpg,4,-22.433329,66.802666
20210413,C:\junha\Datasets\LTDv2\frames\frames\20210413\clip_36_1613\image_0002.jpg,4,-28.424704,60.430405
20210413,C:\junha\Datasets\LTDv2\frames\frames\20210413\clip_36_1613\image_0003.jpg,4,-29.147757,60.346138
20210413,C:\junha\Datasets\LTDv2\frames\frames\20210413\clip_36_1613\image_0004.jpg,4,-23.911259,63.76451
20210413,C:\junha\Datasets\LTDv2\frames\frames\20210413\clip_36_1613\image_0005.jpg,4,-24.01381,63.792175
20210413,C:\junha\Datasets\LTDv2\frames\frames\20210413\clip_36_1613\image_0006.jpg,4,-29.967863,61.249683
20210413,C:\junha\Datasets\LTDv2\frames\frames\20210413\clip_36_1613\image_0007.jpg,4,-30.33673,62.038624
20210413,C:\junha\Datasets\LTDv2\frames\frames\20210413\clip_36_1613\image_0008.jpg,4,-26.537352,61.50084
20210413,C:\junha\Datasets\LTDv2\frames\frames\20210413\clip_36_1613\image_0009.jpg,4,-23.868435,67.00746
20210413,C:\junha\Datasets\LTDv2\frames\frames\20210413\clip_36_1613\image_0010.jpg,4,-25.036232,63.647335
20210413,C:\junha\Datasets\LTDv2\frames\frames\20210413\clip_36_1613\image_0011.jpg,4,-30.81702,61.211075
20210413,C:\junha\Datasets\LTDv2\frames\frames\20210413\clip_36_1613\image_0012.jpg,4,-27.951899,62.49625
20210413,C:\junha\Datasets\LTDv2\frames\frames\20210413\clip_36_1613\image_0013.jpg,4,-22.248024,63.28486
20210413,C:\junha\Datasets\LTDv2\frames\frames\20210413\clip_36_1613\image_0014.jpg,4,-21.415054,61.321903
20210413,C:\junha\Datasets\LTDv2\frames\frames\20210413\clip_36_1613\image_0015.jpg,4,-24.555109,60.446304
20210413,C:\junha\Datasets\LTDv2\frames\frames\20210413\clip_36_1613\image_0016.jpg,4,-24.568804,60.372437
20210413,C:\junha\Datasets\LTDv2\frames\frames\20210413\clip_36_1613\image_0017.jpg,4,-24.634876,60.4871
20210413,C:\junha\Datasets\LTDv2\frames\frames\20210413\clip_36_1613\image_0018.jpg,4,-23.98612,60.886475
20210413,C:\junha\Datasets\LTDv2\frames\frames\20210413\clip_36_1613\image_0019.jpg,4,-20.65666,62.240368
20210413,C:\junha\Datasets\LTDv2\frames\frames\20210413\clip_36_1613\image_0020.jpg,4,-19.918766,61.463615
20210413,C:\junha\Datasets\LTDv2\frames\frames\20210413\clip_36_1613\image_0021.jpg,4,-20.820955,61.91407
20210413,C:\junha\Datasets\LTDv2\frames\frames\20210413\clip_36_1613\image_0022.jpg,4,-20.52206,61.60802
20210413,C:\junha\Datasets\LTDv2\frames\frames\20210413\clip_36_1613\image_0023.jpg,4,-20.818098,61.63168
20210413,C:\junha\Datasets\LTDv2\frames\frames\20210413\clip_36_1613\image_0024.jpg,4,-20.031565,61.397926
20210413,C:\junha\Datasets\LTDv2\frames\frames\20210413\clip_36_1613\image_0025.jpg,4,-20.524025,61.539307
20210413,C:\junha\Datasets\LTDv2\frames\frames\20210413\clip_36_1613\image_0026.jpg,4,-20.534588,61.538372
20210413,C:\junha\Datasets\LTDv2\frames\frames\20210413\clip_36_1613\image_0027.jpg,4,-24.187016,62.739048
20210413,C:\junha\Datasets\LTDv2\frames\frames\20210413\clip_36_1613\image_0028.jpg,4,-21.894152,66.188965
20210413,C:\junha\Datasets\LTDv2\frames\frames\20210413\clip_36_1613\image_0029.jpg,4,-26.565393,59.51067
20210413,C:\junha\Datasets\LTDv2\frames\frames\20210413\clip_36_1613\image_0030.jpg,4,-27.070665,59.943993
20210413,C:\junha\Datasets\LTDv2\frames\frames\20210413\clip_36_1613\image_0031.jpg,4,-24.40779,63.380276
20210413,C:\junha\Datasets\LTDv2\frames\frames\20210413\clip_36_1613\image_0032.jpg,4,-24.807482,63.244007
20210413,C:\junha\Datasets\LTDv2\frames\frames\20210413\clip_36_1613\image_0033.jpg,4,-27.003244,60.67167
20210413,C:\junha\Datasets\LTDv2\frames\frames\20210413\clip_36_1613\image_0034.jpg,4,-24.852453,63.533524
20210413,C:\junha\Datasets\LTDv2\frames\frames\20210413\clip_36_1613\image_0035.jpg,4,-27.282337,59.940876
20210413,C:\junha\Datasets\LTDv2\frames\frames\20210413\clip_36_1613\image_0036.jpg,4,-27.720486,59.452507
20210413,C:\junha\Datasets\LTDv2\frames\frames\20210413\clip_36_1613\image_0037.jpg,4,-28.061758,59.318825
20210413,C:\junha\Datasets\LTDv2\frames\frames\20210413\clip_36_1613\image_0038.jpg,4,-28.439648,59.58232
20210413,C:\junha\Datasets\LTDv2\frames\frames\20210413\clip_36_1613\image_0039.jpg,4,-27.560402,60.83482
20210413,C:\junha\Datasets\LTDv2\frames\frames\20210413\clip_36_1613\image_0040.jpg,4,-25.369295,64.13585
20210413,C:\junha\Datasets\LTDv2\frames\frames\20210413\clip_36_1613\image_0041.jpg,4,-28.441761,61.112812
20210413,C:\junha\Datasets\LTDv2\frames\frames\20210413\clip_36_1613\image_0042.jpg,8,-29.424967,59.3562
20210413,C:\junha\Datasets\LTDv2\frames\frames\20210413\clip_36_1613\image_0043.jpg,4,-28.291706,61.61706
20210413,C:\junha\Datasets\LTDv2\frames\frames\20210413\clip_36_1613\image_0044.jpg,4,-26.23499,66.82512
20210413,C:\junha\Datasets\LTDv2\frames\frames\20210413\clip_36_1613\image_0045.jpg,4,-29.002567,60.289806
20210413,C:\junha\Datasets\LTDv2\frames\frames\20210413\clip_36_1613\image_0046.jpg,4,-28.4326,62.829464
20210413,C:\junha\Datasets\LTDv2\frames\frames\20210413\clip_36_1613\image_0047.jpg,4,-25.242144,62.107586
20210413,C:\junha\Datasets\LTDv2\frames\frames\20210413\clip_36_1613\image_0048.jpg,4,-28.471268,62.360165
20210413,C:\junha\Datasets\LTDv2\frames\frames\20210413\clip_36_1613\image_0049.jpg,4,-24.486439,62.36283
20210413,C:\junha\Datasets\LTDv2\frames\frames\20210413\clip_36_1613\image_0050.jpg,4,-24.116457,62.475586
20210413,C:\junha\Datasets\LTDv2\frames\frames\20210413\clip_36_1613\image_0051.jpg,4,-25.297815,62.078953
20210413,C:\junha\Datasets\LTDv2\frames\frames\20210413\clip_36_1613\image_0052.jpg,4,-29.442196,62.177624
20210413,C:\junha\Datasets\LTDv2\frames\frames\20210413\clip_36_1613\image_0053.jpg,4,-29.400053,62.129234
20210413,C:\junha\Datasets\LTDv2\frames\frames\20210413\clip_36_1613\image_0054.jpg,4,-30.146612,61.243206
20210413,C:\junha\Datasets\LTDv2\frames\frames\20210413\clip_36_1613\image_0055.jpg,4,-28.577816,65.28164
20210413,C:\junha\Datasets\LTDv2\frames\frames\20210413\clip_36_1613\image_0056.jpg,4,-25.802483,64.74035
20210413,C:\junha\Datasets\LTDv2\frames\frames\20210413\clip_36_1613\image_0057.jpg,4,-26.175379,65.1486
20210413,C:\junha\Datasets\LTDv2\frames\frames\20210413\clip_36_1613\image_0058.jpg,4,-28.775206,61.052067
20210413,C:\junha\Datasets\LTDv2\frames\frames\20210413\clip_36_1613\image_0059.jpg,4,-26.860506,65.12853
20210413,C:\junha\Datasets\LTDv2\frames\frames\20210413\clip_36_1613\image_0060.jpg,4,-28.377743,65.64023
20210413,C:\junha\Datasets\LTDv2\frames\frames\20210413\clip_36_1613\image_0061.jpg,4,-28.44935,65.606636
20210413,C:\junha\Datasets\LTDv2\frames\frames\20210413\clip_36_1613\image_0062.jpg,4,-28.45042,65.95585
20210413,C:\junha\Datasets\LTDv2\frames\frames\20210413\clip_36_1613\image_0063.jpg,4,-27.113388,65.64962
20210413,C:\junha\Datasets\LTDv2\frames\frames\20210413\clip_36_1613\image_0064.jpg,4,-26.479183,65.58973
20210413,C:\junha\Datasets\LTDv2\frames\frames\20210413\clip_36_1613\image_0065.jpg,4,-27.505579,65.11495
20210413,C:\junha\Datasets\LTDv2\frames\frames\20210413\clip_36_1613\image_0066.jpg,4,-29.370043,64.59419
20210413,C:\junha\Datasets\LTDv2\frames\frames\20210413\clip_36_1613\image_0067.jpg,4,-30.334959,63.773422
20210413,C:\junha\Datasets\LTDv2\frames\frames\20210413\clip_36_1613\image_0068.jpg,4,-27.52293,67.02022
20210413,C:\junha\Datasets\LTDv2\frames\frames\20210413\clip_36_1613\image_0069.jpg,4,-25.516136,67.87207
20210413,C:\junha\Datasets\LTDv2\frames\frames\20210413\clip_36_1613\image_0070.jpg,4,-26.270306,67.29838
20210413,C:\junha\Datasets\LTDv2\frames\frames\20210413\clip_36_1613\image_0071.jpg,4,-30.171204,60.142944
20210413,C:\junha\Datasets\LTDv2\frames\frames\20210413\clip_36_1613\image_0072.jpg,4,-28.50206,64.32656
20210413,C:\junha\Datasets\LTDv2\frames\frames\20210413\clip_36_1613\image_0073.jpg,4,-27.369104,64.70849
20210413,C:\junha\Datasets\LTDv2\frames\frames\20210413\clip_36_1613\image_0074.jpg,4,-28.43762,64.129364
20210413,C:\junha\Datasets\LTDv2\frames\frames\20210413\clip_36_1613\image_0075.jpg,4,-28.050606,62.292698
20210413,C:\junha\Datasets\LTDv2\frames\frames\20210413\clip_36_1613\image_0076.jpg,4,-28.063728,61.906445
20210413,C:\junha\Datasets\LTDv2\frames\frames\20210413\clip_36_1613\image_0077.jpg,4,-28.103697,61.683777
20210413,C:\junha\Datasets\LTDv2\frames\frames\20210413\clip_36_1613\image_0078.jpg,4,-27.805565,63.68416
20210413,C:\junha\Datasets\LTDv2\frames\frames\20210413\clip_36_1613\image_0079.jpg,4,-29.114763,63.989704
20210413,C:\junha\Datasets\LTDv2\frames\frames\20210413\clip_36_1613\image_0080.jpg,4,-29.450977,63.71016
20210413,C:\junha\Datasets\LTDv2\frames\frames\20210413\clip_36_1613\image_0081.jpg,4,-29.754337,62.86474
20210413,C:\junha\Datasets\LTDv2\frames\frames\20210413\clip_36_1613\image_0082.jpg,4,-29.787497,63.34853
20210413,C:\junha\Datasets\LTDv2\frames\frames\20210413\clip_36_1613\image_0083.jpg,4,-30.369438,62.420223
20210413,C:\junha\Datasets\LTDv2\frames\frames\20210413\clip_36_1613\image_0084.jpg,4,-30.476442,62.456486
20210413,C:\junha\Datasets\LTDv2\frames\frames\20210413\clip_36_1613\image_0085.jpg,4,-30.679556,62.495403
20210413,C:\junha\Datasets\LTDv2\frames\frames\20210413\clip_36_1613\image_0086.jpg,4,-31.231688,62.386173
20210413,C:\junha\Datasets\LTDv2\frames\frames\20210413\clip_36_1613\image_0087.jpg,4,-31.326727,63.231823
20210413,C:\junha\Datasets\LTDv2\frames\frames\20210413\clip_36_1613\image_0088.jpg,4,-31.120024,63.306416
20210413,C:\junha\Datasets\LTDv2\frames\frames\20210413\clip_36_1613\image_0089.jpg,4,-25.05374,67.820175
20210413,C:\junha\Datasets\LTDv2\frames\frames\20210413\clip_36_1613\image_0090.jpg,4,-29.194082,65.501854
20210413,C:\junha\Datasets\LTDv2\frames\frames\20210413\clip_36_1613\image_0091.jpg,4,-29.556314,65.597664
20210413,C:\junha\Datasets\LTDv2\frames\frames\20210413\clip_36_1613\image_0092.jpg,4,-29.987455,65.148125
20210413,C:\junha\Datasets\LTDv2\frames\frames\20210413\clip_36_1613\image_0093.jpg,4,-29.798277,64.27128
20210413,C:\junha\Datasets\LTDv2\frames\frames\20210413\clip_36_1613\image_0094.jpg,4,-24.731966,65.62402
20210413,C:\junha\Datasets\LTDv2\frames\frames\20210413\clip_36_1613\image_0095.jpg,4,-24.652355,65.69495
20210413,C:\junha\Datasets\LTDv2\frames\frames\20210413\clip_36_1613\image_0096.jpg,4,-24.43692,66.5298
20210413,C:\junha\Datasets\LTDv2\frames\frames\20210413\clip_36_1613\image_0097.jpg,4,-24.404085,66.63665
20210413,C:\junha\Datasets\LTDv2\frames\frames\20210413\clip_36_1613\image_0098.jpg,4,-21.80278,68.271194
20210413,C:\junha\Datasets\LTDv2\frames\frames\20210413\clip_36_1613\image_0099.jpg,4,-25.499376,65.82754
20210413,C:\junha\Datasets\LTDv2\frames\frames\20210413\clip_36_1613\image_0100.jpg,4,-21.933743,67.014336
20210413,C:\junha\Datasets\LTDv2\frames\frames\20210413\clip_36_1613\image_0101.jpg,4,-22.028473,66.8209
20210413,C:\junha\Datasets\LTDv2\frames\frames\20210413\clip_36_1613\image_0102.jpg,4,-22.921663,65.18194
20210413,C:\junha\Datasets\LTDv2\frames\frames\20210413\clip_36_1613\image_0103.jpg,4,-23.108742,64.770744
20210413,C:\junha\Datasets\LTDv2\frames\frames\20210413\clip_36_1613\image_0104.jpg,4,-22.93496,63.5297
20210413,C:\junha\Datasets\LTDv2\frames\frames\20210413\clip_36_1613\image_0105.jpg,4,-22.665703,63.79266
20210413,C:\junha\Datasets\LTDv2\frames\frames\20210413\clip_36_1613\image_0106.jpg,4,-21.702671,64.56512
20210413,C:\junha\Datasets\LTDv2\frames\frames\20210413\clip_36_1613\image_0107.jpg,4,-22.216824,64.1223
20210413,C:\junha\Datasets\LTDv2\frames\frames\20210413\clip_36_1613\image_0108.jpg,4,-20.728222,66.234535
20210413,C:\junha\Datasets\LTDv2\frames\frames\20210413\clip_36_1613\image_0109.jpg,4,-20.839172,66.06996
20210413,C:\junha\Datasets\LTDv2\frames\frames\20210413\clip_36_1613\image_0110.jpg,4,-19.964958,67.96204
20210413,C:\junha\Datasets\LTDv2\frames\frames\20210413\clip_36_1613\image_0111.jpg,4,-20.735182,67.854225
20210413,C:\junha\Datasets\LTDv2\frames\frames\20210413\clip_36_1613\image_0112.jpg,4,-20.975834,68.08888
20210413,C:\junha\Datasets\LTDv2\frames\frames\20210413\clip_36_1613\image_0113.jpg,4,-20.63905,67.78235
20210413,C:\junha\Datasets\LTDv2\frames\frames\20210413\clip_36_1613\image_0114.jpg,4,-28.487022,60.579697
20210413,C:\junha\Datasets\LTDv2\frames\frames\20210413\clip_36_1613\image_0115.jpg,4,-26.7527,65.67421
20210413,C:\junha\Datasets\LTDv2\frames\frames\20210413\clip_36_1613\image_0116.jpg,4,-25.312548,66.38196
20210413,C:\junha\Datasets\LTDv2\frames\frames\20210413\clip_36_1613\image_0117.jpg,4,-25.027199,68.98827
20210413,C:\junha\Datasets\LTDv2\frames\frames\20210413\clip_36_1613\image_0118.jpg,4,-24.923481,69.69257
20210413,C:\junha\Datasets\LTDv2\frames\frames\20210413\clip_36_1613\image_0119.jpg,4,-24.922108,69.72607
20210413,C:\junha\Datasets\LTDv2\frames\frames\20210413\clip_37_1641\image_0000.jpg,4,-16.972752,75.47792
20210413,C:\junha\Datasets\LTDv2\frames\frames\20210413\clip_37_1641\image_0001.jpg,4,-12.564737,77.385895
20210413,C:\junha\Datasets\LTDv2\frames\frames\20210413\clip_37_1641\image_0002.jpg,4,-18.229195,75.2898
20210413,C:\junha\Datasets\LTDv2\frames\frames\20210413\clip_37_1641\image_0003.jpg,4,-12.694739,76.95728
20210413,C:\junha\Datasets\LTDv2\frames\frames\20210413\clip_37_1641\image_0004.jpg,4,-12.783614,78.213554
20210413,C:\junha\Datasets\LTDv2\frames\frames\20210413\clip_37_1641\image_0005.jpg,4,-12.613815,78.11081
20210413,C:\junha\Datasets\LTDv2\frames\frames\20210413\clip_37_1641\image_0006.jpg,4,-18.32606,75.35558
20210413,C:\junha\Datasets\LTDv2\frames\frames\20210413\clip_37_1641\image_0007.jpg,4,-13.036526,78.422
20210413,C:\junha\Datasets\LTDv2\frames\frames\20210413\clip_37_1641\image_0008.jpg,4,-13.48746,78.236626
20210413,C:\junha\Datasets\LTDv2\frames\frames\20210413\clip_37_1641\image_0009.jpg,4,-15.881523,74.556114
20210413,C:\junha\Datasets\LTDv2\frames\frames\20210413\clip_37_1641\image_0010.jpg,4,-16.68052,73.90243
20210413,C:\junha\Datasets\LTDv2\frames\frames\20210413\clip_37_1641\image_0011.jpg,4,-16.81238,73.8336
20210413,C:\junha\Datasets\LTDv2\frames\frames\20210413\clip_37_1641\image_0012.jpg,4,-15.2661495,74.48218
20210413,C:\junha\Datasets\LTDv2\frames\frames\20210413\clip_37_1641\image_0013.jpg,4,-15.930047,66.37079
20210413,C:\junha\Datasets\LTDv2\frames\frames\20210413\clip_37_1641\image_0014.jpg,4,-16.514883,66.613304
20210413,C:\junha\Datasets\LTDv2\frames\frames\20210413\clip_37_1641\image_0015.jpg,4,-17.057852,66.44435
20210413,C:\junha\Datasets\LTDv2\frames\frames\20210413\clip_37_1641\image_0016.jpg,4,-17.141407,67.171104
20210413,C:\junha\Datasets\LTDv2\frames\frames\20210413\clip_37_1641\image_0017.jpg,4,-17.16035,67.26252
20210413,C:\junha\Datasets\LTDv2\frames\frames\20210413\clip_37_1641\image_0018.jpg,4,-16.844042,67.47373
20210413,C:\junha\Datasets\LTDv2\frames\frames\20210413\clip_37_1641\image_0019.jpg,4,-12.63877,70.13466
20210413,C:\junha\Datasets\LTDv2\frames\frames\20210413\clip_37_1641\image_0020.jpg,4,-16.515724,68.5577
20210413,C:\junha\Datasets\LTDv2\frames\frames\20210413\clip_37_1641\image_0021.jpg,4,-12.852259,69.617546
20210413,C:\junha\Datasets\LTDv2\frames\frames\20210413\clip_37_1641\image_0022.jpg,4,-13.270965,69.6361
20210413,C:\junha\Datasets\LTDv2\frames\frames\20210413\clip_37_1641\image_0023.jpg,4,-13.568604,72.292595
20210413,C:\junha\Datasets\LTDv2\frames\frames\20210413\clip_37_1641\image_0024.jpg,4,-13.351294,72.53642
20210413,C:\junha\Datasets\LTDv2\frames\frames\20210413\clip_37_1641\image_0025.jpg,4,-14.406094,71.98491
20210413,C:\junha\Datasets\LTDv2\frames\frames\20210413\clip_37_1641\image_0026.jpg,4,-14.473033,71.75085
20210413,C:\junha\Datasets\LTDv2\frames\frames\20210413\clip_37_1641\image_0027.jpg,4,-15.538265,71.846375
20210413,C:\junha\Datasets\LTDv2\frames\frames\20210413\clip_37_1641\image_0028.jpg,4,-15.68587,71.976654
20210413,C:\junha\Datasets\LTDv2\frames\frames\20210413\clip_37_1641\image_0029.jpg,4,-14.926481,72.96486
20210413,C:\junha\Datasets\LTDv2\frames\frames\20210413\clip_37_1641\image_0030.jpg,4,-16.690237,74.76274
20210413,C:\junha\Datasets\LTDv2\frames\frames\20210413\clip_37_1641\image_0031.jpg,4,-14.2295265,75.88102
20210413,C:\junha\Datasets\LTDv2\frames\frames\20210413\clip_37_1641\image_0032.jpg,4,-15.605569,75.75296
20210413,C:\junha\Datasets\LTDv2\frames\frames\20210413\clip_37_1641\image_0033.jpg,4,-15.755412,75.70129
20210413,C:\junha\Datasets\LTDv2\frames\frames\20210413\clip_37_1641\image_0034.jpg,4,-15.658317,75.83761
20210413,C:\junha\Datasets\LTDv2\frames\frames\20210413\clip_37_1641\image_0035.jpg,4,-8.943868,73.508965
20210413,C:\junha\Datasets\LTDv2\frames\frames\20210413\clip_37_1641\image_0036.jpg,4,-16.652151,75.64403
20210413,C:\junha\Datasets\LTDv2\frames\frames\20210413\clip_37_1641\image_0037.jpg,4,-20.48559,72.65629
20210413,C:\junha\Datasets\LTDv2\frames\frames\20210413\clip_37_1641\image_0038.jpg,4,-20.585835,72.639915
20210413,C:\junha\Datasets\LTDv2\frames\frames\20210413\clip_37_1641\image_0039.jpg,4,-18.077204,68.20067
20210413,C:\junha\Datasets\LTDv2\frames\frames\20210413\clip_37_1641\image_0040.jpg,4,-19.20138,72.39908
20210413,C:\junha\Datasets\LTDv2\frames\frames\20210413\clip_37_1641\image_0041.jpg,4,-17.829966,72.562355
20210413,C:\junha\Datasets\LTDv2\frames\frames\20210413\clip_37_1641\image_0042.jpg,4,-17.93306,72.76099
20210413,C:\junha\Datasets\LTDv2\frames\frames\20210413\clip_37_1641\image_0043.jpg,4,-13.280135,76.2461
20210413,C:\junha\Datasets\LTDv2\frames\frames\20210413\clip_37_1641\image_0044.jpg,4,-13.451476,76.25564
20210413,C:\junha\Datasets\LTDv2\frames\frames\20210413\clip_37_1641\image_0045.jpg,4,-18.849604,73.43339
20210413,C:\junha\Datasets\LTDv2\frames\frames\20210413\clip_37_1641\image_0046.jpg,4,-19.275234,73.71801
20210413,C:\junha\Datasets\LTDv2\frames\frames\20210413\clip_37_1641\image_0047.jpg,4,-19.6339,73.71337
20210413,C:\junha\Datasets\LTDv2\frames\frames\20210413\clip_37_1641\image_0048.jpg,4,-20.136158,73.42227
20210413,C:\junha\Datasets\LTDv2\frames\frames\20210413\clip_37_1641\image_0049.jpg,4,-11.230362,73.188126
20210413,C:\junha\Datasets\LTDv2\frames\frames\20210413\clip_37_1641\image_0050.jpg,4,-12.40977,71.986145
20210413,C:\junha\Datasets\LTDv2\frames\frames\20210413\clip_37_1641\image_0051.jpg,4,-12.41305,72.09945
20210413,C:\junha\Datasets\LTDv2\frames\frames\20210413\clip_37_1641\image_0052.jpg,4,-12.1541195,72.22361
20210413,C:\junha\Datasets\LTDv2\frames\frames\20210413\clip_37_1641\image_0053.jpg,4,-13.004865,75.44233
20210413,C:\junha\Datasets\LTDv2\frames\frames\20210413\clip_37_1641\image_0054.jpg,4,-14.41442,70.95897
20210413,C:\junha\Datasets\LTDv2\frames\frames\20210413\clip_37_1641\image_0055.jpg,4,-13.962282,68.430046
20210413,C:\junha\Datasets\LTDv2\frames\frames\20210413\clip_37_1641\image_0056.jpg,4,-14.692745,67.59009
20210413,C:\junha\Datasets\LTDv2\frames\frames\20210413\clip_37_1641\image_0057.jpg,4,-15.906831,68.465645
20210413,C:\junha\Datasets\LTDv2\frames\frames\20210413\clip_37_1641\image_0058.jpg,4,-17.763233,68.11661
20210413,C:\junha\Datasets\LTDv2\frames\frames\20210413\clip_37_1641\image_0059.jpg,4,-12.265357,71.06936
20210413,C:\junha\Datasets\LTDv2\frames\frames\20210413\clip_37_1641\image_0060.jpg,4,-12.229513,71.05051
20210413,C:\junha\Datasets\LTDv2\frames\frames\20210413\clip_37_1641\image_0061.jpg,4,-13.562854,67.22599
20210413,C:\junha\Datasets\LTDv2\frames\frames\20210413\clip_37_1641\image_0062.jpg,4,-13.686244,67.27066
20210413,C:\junha\Datasets\LTDv2\frames\frames\20210413\clip_37_1641\image_0063.jpg,4,-12.697631,73.76628
20210413,C:\junha\Datasets\LTDv2\frames\frames\20210413\clip_37_1641\image_0064.jpg,4,-14.339333,67.22411
20210413,C:\junha\Datasets\LTDv2\frames\frames\20210413\clip_37_1641\image_0065.jpg,4,-13.097106,75.52678
20210413,C:\junha\Datasets\LTDv2\frames\frames\20210413\clip_37_1641\image_0066.jpg,4,-17.008362,71.880585
20210413,C:\junha\Datasets\LTDv2\frames\frames\20210413\clip_37_1641\image_0067.jpg,4,-12.944076,73.86378
20210413,C:\junha\Datasets\LTDv2\frames\frames\20210413\clip_37_1641\image_0068.jpg,4,-17.192057,71.76914
20210413,C:\junha\Datasets\LTDv2\frames\frames\20210413\clip_37_1641\image_0069.jpg,4,-17.530878,69.266136
20210413,C:\junha\Datasets\LTDv2\frames\frames\20210413\clip_37_1641\image_0070.jpg,4,-14.784184,73.75079
20210413,C:\junha\Datasets\LTDv2\frames\frames\20210413\clip_37_1641\image_0071.jpg,4,-14.850124,73.82984
20210413,C:\junha\Datasets\LTDv2\frames\frames\20210413\clip_37_1641\image_0072.jpg,4,-18.683653,70.98579
20210413,C:\junha\Datasets\LTDv2\frames\frames\20210413\clip_37_1641\image_0073.jpg,4,-17.991236,71.55972
20210413,C:\junha\Datasets\LTDv2\frames\frames\20210413\clip_37_1641\image_0074.jpg,4,-18.025948,71.11246
20210413,C:\junha\Datasets\LTDv2\frames\frames\20210413\clip_37_1641\image_0075.jpg,4,-18.514599,71.04422
20210413,C:\junha\Datasets\LTDv2\frames\frames\20210413\clip_37_1641\image_0076.jpg,4,-18.844486,70.62346
20210413,C:\junha\Datasets\LTDv2\frames\frames\20210413\clip_37_1641\image_0077.jpg,4,-17.724705,70.32417
20210413,C:\junha\Datasets\LTDv2\frames\frames\20210413\clip_37_1641\image_0078.jpg,4,-17.597061,69.96367
20210413,C:\junha\Datasets\LTDv2\frames\frames\20210413\clip_37_1641\image_0079.jpg,4,-12.278423,67.49856
20210413,C:\junha\Datasets\LTDv2\frames\frames\20210413\clip_37_1641\image_0080.jpg,4,-12.171515,67.431915
20210413,C:\junha\Datasets\LTDv2\frames\frames\20210413\clip_37_1641\image_0081.jpg,4,-12.190608,67.18641
20210413,C:\junha\Datasets\LTDv2\frames\frames\20210413\clip_37_1641\image_0082.jpg,4,-12.177827,67.47269
20210413,C:\junha\Datasets\LTDv2\frames\frames\20210413\clip_37_1641\image_0083.jpg,4,-12.312256,67.498695
20210413,C:\junha\Datasets\LTDv2\frames\frames\20210413\clip_37_1641\image_0084.jpg,4,-12.092022,67.87515
20210413,C:\junha\Datasets\LTDv2\frames\frames\20210413\clip_37_1641\image_0085.jpg,4,-16.343012,69.29284
20210413,C:\junha\Datasets\LTDv2\frames\frames\20210413\clip_37_1641\image_0086.jpg,4,-16.369389,69.30509
20210413,C:\junha\Datasets\LTDv2\frames\frames\20210413\clip_37_1641\image_0087.jpg,4,-13.36518,70.81314
20210413,C:\junha\Datasets\LTDv2\frames\frames\20210413\clip_37_1641\image_0088.jpg,4,-13.681749,69.25524
20210413,C:\junha\Datasets\LTDv2\frames\frames\20210413\clip_37_1641\image_0089.jpg,4,-13.789832,71.14778
20210413,C:\junha\Datasets\LTDv2\frames\frames\20210413\clip_37_1641\image_0090.jpg,4,-13.455223,71.70826
20210413,C:\junha\Datasets\LTDv2\frames\frames\20210413\clip_37_1641\image_0091.jpg,4,-15.787011,69.74325
20210413,C:\junha\Datasets\LTDv2\frames\frames\20210413\clip_37_1641\image_0092.jpg,4,-15.964034,69.58339
20210413,C:\junha\Datasets\LTDv2\frames\frames\20210413\clip_37_1641\image_0093.jpg,4,-13.709937,71.45917
20210413,C:\junha\Datasets\LTDv2\frames\frames\20210413\clip_37_1641\image_0094.jpg,4,-15.929695,70.055626
20210413,C:\junha\Datasets\LTDv2\frames\frames\20210413\clip_37_1641\image_0095.jpg,4,-12.690119,69.29467
20210413,C:\junha\Datasets\LTDv2\frames\frames\20210413\clip_37_1641\image_0096.jpg,4,-11.147902,75.81269
20210413,C:\junha\Datasets\LTDv2\frames\frames\20210413\clip_37_1641\image_0097.jpg,4,-15.647762,74.064705
20210413,C:\junha\Datasets\LTDv2\frames\frames\20210413\clip_37_1641\image_0098.jpg,4,-14.641171,69.71647
20210413,C:\junha\Datasets\LTDv2\frames\frames\20210413\clip_37_1641\image_0099.jpg,4,-11.452679,72.05342
20210413,C:\junha\Datasets\LTDv2\frames\frames\20210413\clip_37_1641\image_0100.jpg,4,-13.27431,68.20566
20210413,C:\junha\Datasets\LTDv2\frames\frames\20210413\clip_37_1641\image_0101.jpg,4,-16.50606,68.4601
20210413,C:\junha\Datasets\LTDv2\frames\frames\20210413\clip_37_1641\image_0102.jpg,4,-15.585477,68.037476
20210413,C:\junha\Datasets\LTDv2\frames\frames\20210413\clip_37_1641\image_0103.jpg,4,-15.628235,68.014175
20210413,C:\junha\Datasets\LTDv2\frames\frames\20210413\clip_37_1641\image_0104.jpg,4,-13.6437235,71.63247
20210413,C:\junha\Datasets\LTDv2\frames\frames\20210413\clip_37_1641\image_0105.jpg,4,-14.655544,68.19193
20210413,C:\junha\Datasets\LTDv2\frames\frames\20210413\clip_37_1641\image_0106.jpg,4,-12.821721,71.316
20210413,C:\junha\Datasets\LTDv2\frames\frames\20210413\clip_37_1641\image_0107.jpg,4,-15.302715,67.15014
20210413,C:\junha\Datasets\LTDv2\frames\frames\20210413\clip_37_1641\image_0108.jpg,4,-14.69898,67.21783
20210413,C:\junha\Datasets\LTDv2\frames\frames\20210413\clip_37_1641\image_0109.jpg,4,-15.416257,69.21474
20210413,C:\junha\Datasets\LTDv2\frames\frames\20210413\clip_37_1641\image_0110.jpg,4,-14.488118,69.978035
20210413,C:\junha\Datasets\LTDv2\frames\frames\20210413\clip_37_1641\image_0111.jpg,4,-14.433645,70.259186
20210413,C:\junha\Datasets\LTDv2\frames\frames\20210413\clip_37_1641\image_0112.jpg,4,-14.113726,69.55643
20210413,C:\junha\Datasets\LTDv2\frames\frames\20210413\clip_37_1641\image_0113.jpg,4,-15.268057,69.23019
20210413,C:\junha\Datasets\LTDv2\frames\frames\20210413\clip_37_1641\image_0114.jpg,4,-13.970103,69.84787
20210413,C:\junha\Datasets\LTDv2\frames\frames\20210413\clip_37_1641\image_0115.jpg,4,-13.61386,69.93344
20210413,C:\junha\Datasets\LTDv2\frames\frames\20210413\clip_37_1641\image_0116.jpg,4,-12.733884,72.83531
20210413,C:\junha\Datasets\LTDv2\frames\frames\20210413\clip_37_1641\image_0117.jpg,4,-14.791195,74.15152
20210413,C:\junha\Datasets\LTDv2\frames\frames\20210413\clip_37_1641\image_0118.jpg,4,-13.800391,68.4822
20210413,C:\junha\Datasets\LTDv2\frames\frames\20210413\clip_37_1641\image_0119.jpg,4,-11.302202,75.82143
20210413,C:\junha\Datasets\LTDv2\frames\frames\20210413\clip_38_1709\image_0000.jpg,4,-4.375371,80.971596
20210413,C:\junha\Datasets\LTDv2\frames\frames\20210413\clip_38_1709\image_0001.jpg,4,-4.1374955,80.87769
20210413,C:\junha\Datasets\LTDv2\frames\frames\20210413\clip_38_1709\image_0002.jpg,4,-4.1194673,81.144936
20210413,C:\junha\Datasets\LTDv2\frames\frames\20210413\clip_38_1709\image_0003.jpg,4,-3.4407434,80.467476
20210413,C:\junha\Datasets\LTDv2\frames\frames\20210413\clip_38_1709\image_0004.jpg,4,-3.6693127,80.10149
20210413,C:\junha\Datasets\LTDv2\frames\frames\20210413\clip_38_1709\image_0005.jpg,4,-4.63102,79.82877
20210413,C:\junha\Datasets\LTDv2\frames\frames\20210413\clip_38_1709\image_0006.jpg,4,-3.9577267,79.319916
20210413,C:\junha\Datasets\LTDv2\frames\frames\20210413\clip_38_1709\image_0007.jpg,4,-3.003919,78.74787
20210413,C:\junha\Datasets\LTDv2\frames\frames\20210413\clip_38_1709\image_0008.jpg,4,-3.0370812,78.6799
20210413,C:\junha\Datasets\LTDv2\frames\frames\20210413\clip_38_1709\image_0009.jpg,4,-6.4813275,78.34618
20210413,C:\junha\Datasets\LTDv2\frames\frames\20210413\clip_38_1709\image_0010.jpg,4,-7.9344387,75.68208
20210413,C:\junha\Datasets\LTDv2\frames\frames\20210413\clip_38_1709\image_0011.jpg,4,-8.189915,77.738335
20210413,C:\junha\Datasets\LTDv2\frames\frames\20210413\clip_38_1709\image_0012.jpg,4,-7.9482574,77.45113
20210413,C:\junha\Datasets\LTDv2\frames\frames\20210413\clip_38_1709\image_0013.jpg,4,-8.210927,77.81152
20210413,C:\junha\Datasets\LTDv2\frames\frames\20210413\clip_38_1709\image_0014.jpg,4,-8.31247,77.78356
20210413,C:\junha\Datasets\LTDv2\frames\frames\20210413\clip_38_1709\image_0015.jpg,4,-7.213052,79.89908
20210413,C:\junha\Datasets\LTDv2\frames\frames\20210413\clip_38_1709\image_0016.jpg,4,-7.2563686,79.95267
20210413,C:\junha\Datasets\LTDv2\frames\frames\20210413\clip_38_1709\image_0017.jpg,4,-7.619174,81.35123
20210413,C:\junha\Datasets\LTDv2\frames\frames\20210413\clip_38_1709\image_0018.jpg,4,-7.692778,74.76569
20210413,C:\junha\Datasets\LTDv2\frames\frames\20210413\clip_38_1709\image_0019.jpg,4,-7.770089,74.70912
20210413,C:\junha\Datasets\LTDv2\frames\frames\20210413\clip_38_1709\image_0020.jpg,4,-7.115854,77.26619
20210413,C:\junha\Datasets\LTDv2\frames\frames\20210413\clip_38_1709\image_0021.jpg,4,-5.7115145,76.87254
20210413,C:\junha\Datasets\LTDv2\frames\frames\20210413\clip_38_1709\image_0022.jpg,4,-5.801407,76.739914
20210413,C:\junha\Datasets\LTDv2\frames\frames\20210413\clip_38_1709\image_0023.jpg,4,-9.0309305,72.03652
20210413,C:\junha\Datasets\LTDv2\frames\frames\20210413\clip_38_1709\image_0024.jpg,4,-9.127496,71.620735
20210413,C:\junha\Datasets\LTDv2\frames\frames\20210413\clip_38_1709\image_0025.jpg,4,-8.982798,71.34491
20210413,C:\junha\Datasets\LTDv2\frames\frames\20210413\clip_38_1709\image_0026.jpg,4,-9.0522,71.13576
20210413,C:\junha\Datasets\LTDv2\frames\frames\20210413\clip_38_1709\image_0027.jpg,4,-7.1406837,76.55435
20210413,C:\junha\Datasets\LTDv2\frames\frames\20210413\clip_38_1709\image_0028.jpg,4,-7.122968,76.75629
20210413,C:\junha\Datasets\LTDv2\frames\frames\20210413\clip_38_1709\image_0029.jpg,4,-8.3353,80.00853
20210413,C:\junha\Datasets\LTDv2\frames\frames\20210413\clip_38_1709\image_0030.jpg,4,-10.607451,78.79811
20210413,C:\junha\Datasets\LTDv2\frames\frames\20210413\clip_38_1709\image_0031.jpg,4,-10.945685,78.70967
20210413,C:\junha\Datasets\LTDv2\frames\frames\20210413\clip_38_1709\image_0032.jpg,4,-8.72792,80.152405
20210413,C:\junha\Datasets\LTDv2\frames\frames\20210413\clip_38_1709\image_0033.jpg,4,-8.390164,80.77055
20210413,C:\junha\Datasets\LTDv2\frames\frames\20210413\clip_38_1709\image_0034.jpg,4,-8.347847,79.56647
20210413,C:\junha\Datasets\LTDv2\frames\frames\20210413\clip_38_1709\image_0035.jpg,4,-8.055661,79.8087
20210413,C:\junha\Datasets\LTDv2\frames\frames\20210413\clip_38_1709\image_0036.jpg,4,-8.080584,79.24356
20210413,C:\junha\Datasets\LTDv2\frames\frames\20210413\clip_38_1709\image_0037.jpg,4,-8.139496,81.13784
20210413,C:\junha\Datasets\LTDv2\frames\frames\20210413\clip_38_1709\image_0038.jpg,4,-8.088193,81.23615
20210413,C:\junha\Datasets\LTDv2\frames\frames\20210413\clip_38_1709\image_0039.jpg,4,-8.069679,81.26284
20210413,C:\junha\Datasets\LTDv2\frames\frames\20210413\clip_38_1709\image_0040.jpg,4,-8.461707,81.285416
20210413,C:\junha\Datasets\LTDv2\frames\frames\20210413\clip_38_1709\image_0041.jpg,4,-5.863115,77.59835
20210413,C:\junha\Datasets\LTDv2\frames\frames\20210413\clip_38_1709\image_0042.jpg,4,-5.9052353,77.58474
20210413,C:\junha\Datasets\LTDv2\frames\frames\20210413\clip_38_1709\image_0043.jpg,4,-5.901178,78.95054
20210413,C:\junha\Datasets\LTDv2\frames\frames\20210413\clip_38_1709\image_0044.jpg,4,-5.623917,77.64909
20210413,C:\junha\Datasets\LTDv2\frames\frames\20210413\clip_38_1709\image_0045.jpg,4,-5.715585,75.70206
20210413,C:\junha\Datasets\LTDv2\frames\frames\20210413\clip_38_1709\image_0046.jpg,4,-5.6014953,75.720024
20210413,C:\junha\Datasets\LTDv2\frames\frames\20210413\clip_38_1709\image_0047.jpg,4,-5.4051867,75.64987
20210413,C:\junha\Datasets\LTDv2\frames\frames\20210413\clip_38_1709\image_0048.jpg,4,-5.7309923,73.696655
20210413,C:\junha\Datasets\LTDv2\frames\frames\20210413\clip_38_1709\image_0049.jpg,4,-5.3479543,82.70996
20210413,C:\junha\Datasets\LTDv2\frames\frames\20210413\clip_38_1709\image_0050.jpg,4,-5.3032413,83.00146
20210413,C:\junha\Datasets\LTDv2\frames\frames\20210413\clip_38_1709\image_0051.jpg,4,-5.1879916,82.56502
20210413,C:\junha\Datasets\LTDv2\frames\frames\20210413\clip_38_1709\image_0052.jpg,4,-4.8821054,82.702
20210413,C:\junha\Datasets\LTDv2\frames\frames\20210413\clip_38_1709\image_0053.jpg,4,-5.235065,82.823395
20210413,C:\junha\Datasets\LTDv2\frames\frames\20210413\clip_38_1709\image_0054.jpg,4,-5.295591,82.51442
20210413,C:\junha\Datasets\LTDv2\frames\frames\20210413\clip_38_1709\image_0055.jpg,4,-5.1878867,82.066734
20210413,C:\junha\Datasets\LTDv2\frames\frames\20210413\clip_38_1709\image_0056.jpg,4,-5.1166673,82.162796
20210413,C:\junha\Datasets\LTDv2\frames\frames\20210413\clip_38_1709\image_0057.jpg,4,-5.884495,82.185776
20210413,C:\junha\Datasets\LTDv2\frames\frames\20210413\clip_38_1709\image_0058.jpg,4,-5.767899,82.36968
20210413,C:\junha\Datasets\LTDv2\frames\frames\20210413\clip_38_1709\image_0059.jpg,4,-4.394794,77.80152
20210413,C:\junha\Datasets\LTDv2\frames\frames\20210413\clip_38_1709\image_0060.jpg,4,-4.2865596,78.06339
20210413,C:\junha\Datasets\LTDv2\frames\frames\20210413\clip_38_1709\image_0061.jpg,4,-4.673353,77.58995
20210413,C:\junha\Datasets\LTDv2\frames\frames\20210413\clip_38_1709\image_0062.jpg,4,-4.7425475,77.246216
20210413,C:\junha\Datasets\LTDv2\frames\frames\20210413\clip_38_1709\image_0063.jpg,4,-5.200883,75.945854
20210413,C:\junha\Datasets\LTDv2\frames\frames\20210413\clip_38_1709\image_0064.jpg,4,-5.1259775,74.93612
20210413,C:\junha\Datasets\LTDv2\frames\frames\20210413\clip_38_1709\image_0065.jpg,4,-5.8517566,73.35083
20210413,C:\junha\Datasets\LTDv2\frames\frames\20210413\clip_38_1709\image_0066.jpg,4,-6.0617795,72.79564
20210413,C:\junha\Datasets\LTDv2\frames\frames\20210413\clip_38_1709\image_0067.jpg,4,-5.4384747,73.0241
20210413,C:\junha\Datasets\LTDv2\frames\frames\20210413\clip_38_1709\image_0068.jpg,4,-5.3484783,72.970406
20210413,C:\junha\Datasets\LTDv2\frames\frames\20210413\clip_38_1709\image_0069.jpg,4,-5.0484104,75.31954
20210413,C:\junha\Datasets\LTDv2\frames\frames\20210413\clip_38_1709\image_0070.jpg,4,-6.1903825,71.65435
20210413,C:\junha\Datasets\LTDv2\frames\frames\20210413\clip_38_1709\image_0071.jpg,4,-5.0406766,73.25385
20210413,C:\junha\Datasets\LTDv2\frames\frames\20210413\clip_38_1709\image_0072.jpg,4,-4.4855604,78.3419
20210413,C:\junha\Datasets\LTDv2\frames\frames\20210413\clip_38_1709\image_0073.jpg,4,-4.9825144,75.153244
20210413,C:\junha\Datasets\LTDv2\frames\frames\20210413\clip_38_1709\image_0074.jpg,4,-4.0893626,75.27842
20210413,C:\junha\Datasets\LTDv2\frames\frames\20210413\clip_38_1709\image_0075.jpg,4,-3.546371,75.82462
20210413,C:\junha\Datasets\LTDv2\frames\frames\20210413\clip_38_1709\image_0076.jpg,4,-3.7503948,75.81708
20210413,C:\junha\Datasets\LTDv2\frames\frames\20210413\clip_38_1709\image_0077.jpg,4,-2.9068406,76.40746
20210413,C:\junha\Datasets\LTDv2\frames\frames\20210413\clip_38_1709\image_0078.jpg,4,-2.7631378,76.43397
20210413,C:\junha\Datasets\LTDv2\frames\frames\20210413\clip_38_1709\image_0079.jpg,4,-5.5942135,81.209656
20210413,C:\junha\Datasets\LTDv2\frames\frames\20210413\clip_38_1709\image_0080.jpg,4,-9.025365,75.48916
20210413,C:\junha\Datasets\LTDv2\frames\frames\20210413\clip_38_1709\image_0081.jpg,4,-9.088652,75.606995
20210413,C:\junha\Datasets\LTDv2\frames\frames\20210413\clip_38_1709\image_0082.jpg,4,-8.406636,68.80773
20210413,C:\junha\Datasets\LTDv2\frames\frames\20210413\clip_38_1709\image_0083.jpg,4,-7.8333716,67.217545
20210413,C:\junha\Datasets\LTDv2\frames\frames\20210413\clip_38_1709\image_0084.jpg,4,-7.8326554,67.20327
20210413,C:\junha\Datasets\LTDv2\frames\frames\20210413\clip_38_1709\image_0085.jpg,4,-8.3925495,68.850365
20210413,C:\junha\Datasets\LTDv2\frames\frames\20210413\clip_38_1709\image_0086.jpg,4,-8.411564,68.627716
20210413,C:\junha\Datasets\LTDv2\frames\frames\20210413\clip_38_1709\image_0087.jpg,4,-8.760568,69.30962
20210413,C:\junha\Datasets\LTDv2\frames\frames\20210413\clip_38_1709\image_0088.jpg,4,-8.833127,69.57376
20210413,C:\junha\Datasets\LTDv2\frames\frames\20210413\clip_38_1709\image_0089.jpg,4,-3.5008461,76.95531
20210413,C:\junha\Datasets\LTDv2\frames\frames\20210413\clip_38_1709\image_0090.jpg,4,-7.7808385,72.79965
20210413,C:\junha\Datasets\LTDv2\frames\frames\20210413\clip_38_1709\image_0091.jpg,4,-7.788654,71.470665
20210413,C:\junha\Datasets\LTDv2\frames\frames\20210413\clip_38_1709\image_0092.jpg,4,-4.198423,77.04231
20210413,C:\junha\Datasets\LTDv2\frames\frames\20210413\clip_38_1709\image_0093.jpg,4,-3.7552383,77.18473
20210413,C:\junha\Datasets\LTDv2\frames\frames\20210413\clip_38_1709\image_0094.jpg,4,-7.987753,71.71606
20210413,C:\junha\Datasets\LTDv2\frames\frames\20210413\clip_38_1709\image_0095.jpg,4,-2.631646,77.55341
20210413,C:\junha\Datasets\LTDv2\frames\frames\20210413\clip_38_1709\image_0096.jpg,4,-3.1698513,77.65609
20210413,C:\junha\Datasets\LTDv2\frames\frames\20210413\clip_38_1709\image_0097.jpg,4,-3.2043998,76.79123
20210413,C:\junha\Datasets\LTDv2\frames\frames\20210413\clip_38_1709\image_0098.jpg,4,-3.0926185,77.021454
20210413,C:\junha\Datasets\LTDv2\frames\frames\20210413\clip_38_1709\image_0099.jpg,4,-3.364225,76.7996
20210413,C:\junha\Datasets\LTDv2\frames\frames\20210413\clip_38_1709\image_0100.jpg,4,-5.338669,76.28928
20210413,C:\junha\Datasets\LTDv2\frames\frames\20210413\clip_38_1709\image_0101.jpg,4,-7.0902324,73.963264
20210413,C:\junha\Datasets\LTDv2\frames\frames\20210413\clip_38_1709\image_0102.jpg,4,-5.9473953,71.084755
20210413,C:\junha\Datasets\LTDv2\frames\frames\20210413\clip_38_1709\image_0103.jpg,4,-1.9984883,80.05848
20210413,C:\junha\Datasets\LTDv2\frames\frames\20210413\clip_38_1709\image_0104.jpg,4,-1.6910096,79.70282
20210413,C:\junha\Datasets\LTDv2\frames\frames\20210413\clip_38_1709\image_0105.jpg,4,-2.0039546,80.01753
20210413,C:\junha\Datasets\LTDv2\frames\frames\20210413\clip_38_1709\image_0106.jpg,4,-5.8344,70.610176
20210413,C:\junha\Datasets\LTDv2\frames\frames\20210413\clip_38_1709\image_0107.jpg,4,-2.7902522,80.92792
20210413,C:\junha\Datasets\LTDv2\frames\frames\20210413\clip_38_1709\image_0108.jpg,4,-5.169012,78.917755
20210413,C:\junha\Datasets\LTDv2\frames\frames\20210413\clip_38_1709\image_0109.jpg,4,-5.198572,78.99906
20210413,C:\junha\Datasets\LTDv2\frames\frames\20210413\clip_38_1709\image_0110.jpg,4,-4.9284325,78.54311
20210413,C:\junha\Datasets\LTDv2\frames\frames\20210413\clip_38_1709\image_0111.jpg,4,-5.2789083,79.25794
20210413,C:\junha\Datasets\LTDv2\frames\frames\20210413\clip_38_1709\image_0112.jpg,4,-5.788134,80.16427
20210413,C:\junha\Datasets\LTDv2\frames\frames\20210413\clip_38_1709\image_0113.jpg,4,-0.99449056,78.08923
20210413,C:\junha\Datasets\LTDv2\frames\frames\20210413\clip_38_1709\image_0114.jpg,4,-0.8615436,78.48321
20210413,C:\junha\Datasets\LTDv2\frames\frames\20210413\clip_38_1709\image_0115.jpg,4,-0.90672034,78.8364
20210413,C:\junha\Datasets\LTDv2\frames\frames\20210413\clip_38_1709\image_0116.jpg,4,-1.0062511,78.84818
20210413,C:\junha\Datasets\LTDv2\frames\frames\20210413\clip_38_1709\image_0117.jpg,4,-7.28147,74.749626
20210413,C:\junha\Datasets\LTDv2\frames\frames\20210413\clip_38_1709\image_0118.jpg,4,-7.468791,74.58669
20210413,C:\junha\Datasets\LTDv2\frames\frames\20210413\clip_38_1709\image_0119.jpg,4,-1.4862075,77.37645
20210413,C:\junha\Datasets\LTDv2\frames\frames\20210413\clip_39_1737\image_0000.jpg,4,1.4507226,48.780735
20210413,C:\junha\Datasets\LTDv2\frames\frames\20210413\clip_39_1737\image_0001.jpg,4,1.7549627,48.62911
20210413,C:\junha\Datasets\LTDv2\frames\frames\20210413\clip_39_1737\image_0002.jpg,4,1.9321798,48.61452
20210413,C:\junha\Datasets\LTDv2\frames\frames\20210413\clip_39_1737\image_0003.jpg,4,2.6551504,48.08604
20210413,C:\junha\Datasets\LTDv2\frames\frames\20210413\clip_39_1737\image_0004.jpg,4,4.1488185,46.29213
20210413,C:\junha\Datasets\LTDv2\frames\frames\20210413\clip_39_1737\image_0005.jpg,4,6.451939,60.59968
20210413,C:\junha\Datasets\LTDv2\frames\frames\20210413\clip_39_1737\image_0006.jpg,4,6.9504504,60.54651
20210413,C:\junha\Datasets\LTDv2\frames\frames\20210413\clip_39_1737\image_0007.jpg,4,7.1424303,60.51657
20210413,C:\junha\Datasets\LTDv2\frames\frames\20210413\clip_39_1737\image_0008.jpg,4,8.242349,48.48892
20210413,C:\junha\Datasets\LTDv2\frames\frames\20210413\clip_39_1737\image_0009.jpg,4,8.276884,48.698368
20210413,C:\junha\Datasets\LTDv2\frames\frames\20210413\clip_39_1737\image_0010.jpg,4,9.334062,47.997227
20210413,C:\junha\Datasets\LTDv2\frames\frames\20210413\clip_39_1737\image_0011.jpg,4,9.000482,48.209427
20210413,C:\junha\Datasets\LTDv2\frames\frames\20210413\clip_39_1737\image_0012.jpg,4,8.116967,49.02927
20210413,C:\junha\Datasets\LTDv2\frames\frames\20210413\clip_39_1737\image_0013.jpg,4,9.252921,48.41204
20210413,C:\junha\Datasets\LTDv2\frames\frames\20210413\clip_39_1737\image_0014.jpg,4,7.989889,60.291573
20210413,C:\junha\Datasets\LTDv2\frames\frames\20210413\clip_39_1737\image_0015.jpg,4,9.13886,50.581963
20210413,C:\junha\Datasets\LTDv2\frames\frames\20210413\clip_39_1737\image_0016.jpg,4,9.01933,50.62685
20210413,C:\junha\Datasets\LTDv2\frames\frames\20210413\clip_39_1737\image_0017.jpg,4,6.702813,51.56838
20210413,C:\junha\Datasets\LTDv2\frames\frames\20210413\clip_39_1737\image_0018.jpg,4,-0.31687346,50.1543
20210413,C:\junha\Datasets\LTDv2\frames\frames\20210413\clip_39_1737\image_0019.jpg,4,-0.43606663,50.092983
20210413,C:\junha\Datasets\LTDv2\frames\frames\20210413\clip_39_1737\image_0020.jpg,4,7.1209974,49.767517
20210413,C:\junha\Datasets\LTDv2\frames\frames\20210413\clip_39_1737\image_0021.jpg,4,6.4678864,49.167515
20210413,C:\junha\Datasets\LTDv2\frames\frames\20210413\clip_39_1737\image_0022.jpg,4,5.3704123,46.80637
20210413,C:\junha\Datasets\LTDv2\frames\frames\20210413\clip_39_1737\image_0023.jpg,4,5.838619,48.666397
20210413,C:\junha\Datasets\LTDv2\frames\frames\20210413\clip_39_1737\image_0024.jpg,4,6.017865,46.696274
20210413,C:\junha\Datasets\LTDv2\frames\frames\20210413\clip_39_1737\image_0025.jpg,4,7.898158,46.177933
20210413,C:\junha\Datasets\LTDv2\frames\frames\20210413\clip_39_1737\image_0026.jpg,4,9.871842,46.14827
20210413,C:\junha\Datasets\LTDv2\frames\frames\20210413\clip_39_1737\image_0027.jpg,4,8.4517975,45.799713
20210413,C:\junha\Datasets\LTDv2\frames\frames\20210413\clip_39_1737\image_0028.jpg,4,8.7724,45.621937
20210413,C:\junha\Datasets\LTDv2\frames\frames\20210413\clip_39_1737\image_0029.jpg,4,8.758138,45.60717
20210413,C:\junha\Datasets\LTDv2\frames\frames\20210413\clip_39_1737\image_0030.jpg,4,9.178636,45.792103
20210413,C:\junha\Datasets\LTDv2\frames\frames\20210413\clip_39_1737\image_0031.jpg,4,10.187604,46.18757
20210413,C:\junha\Datasets\LTDv2\frames\frames\20210413\clip_39_1737\image_0032.jpg,4,9.538008,54.386772
20210413,C:\junha\Datasets\LTDv2\frames\frames\20210413\clip_39_1737\image_0033.jpg,4,9.025535,54.34215
20210413,C:\junha\Datasets\LTDv2\frames\frames\20210413\clip_39_1737\image_0034.jpg,4,7.5331974,51.84848
20210413,C:\junha\Datasets\LTDv2\frames\frames\20210413\clip_39_1737\image_0035.jpg,4,7.2118964,51.55026
20210413,C:\junha\Datasets\LTDv2\frames\frames\20210413\clip_39_1737\image_0036.jpg,4,7.562992,51.357887
20210413,C:\junha\Datasets\LTDv2\frames\frames\20210413\clip_39_1737\image_0037.jpg,4,7.5942802,51.497894
20210413,C:\junha\Datasets\LTDv2\frames\frames\20210413\clip_39_1737\image_0038.jpg,4,7.962091,51.706593
20210413,C:\junha\Datasets\LTDv2\frames\frames\20210413\clip_39_1737\image_0039.jpg,4,7.9987807,54.95388
20210413,C:\junha\Datasets\LTDv2\frames\frames\20210413\clip_39_1737\image_0040.jpg,4,8.035676,54.61032
20210413,C:\junha\Datasets\LTDv2\frames\frames\20210413\clip_39_1737\image_0041.jpg,4,8.04217,54.81588
20210413,C:\junha\Datasets\LTDv2\frames\frames\20210413\clip_39_1737\image_0042.jpg,4,7.5164394,53.191166
20210413,C:\junha\Datasets\LTDv2\frames\frames\20210413\clip_39_1737\image_0043.jpg,4,7.443261,53.091442
20210413,C:\junha\Datasets\LTDv2\frames\frames\20210413\clip_39_1737\image_0044.jpg,4,7.0468516,52.80886
20210413,C:\junha\Datasets\LTDv2\frames\frames\20210413\clip_39_1737\image_0045.jpg,4,7.452616,52.97653
20210413,C:\junha\Datasets\LTDv2\frames\frames\20210413\clip_39_1737\image_0046.jpg,4,7.838661,52.699226
20210413,C:\junha\Datasets\LTDv2\frames\frames\20210413\clip_39_1737\image_0047.jpg,4,7.9098477,52.526768
20210413,C:\junha\Datasets\LTDv2\frames\frames\20210413\clip_39_1737\image_0048.jpg,4,7.9637775,52.322086
20210413,C:\junha\Datasets\LTDv2\frames\frames\20210413\clip_39_1737\image_0049.jpg,4,6.2256017,57.72624
20210413,C:\junha\Datasets\LTDv2\frames\frames\20210413\clip_39_1737\image_0050.jpg,4,6.6826587,57.304867
20210413,C:\junha\Datasets\LTDv2\frames\frames\20210413\clip_39_1737\image_0051.jpg,4,7.378077,56.594078
20210413,C:\junha\Datasets\LTDv2\frames\frames\20210413\clip_39_1737\image_0052.jpg,4,6.6757264,57.60338
20210413,C:\junha\Datasets\LTDv2\frames\frames\20210413\clip_39_1737\image_0053.jpg,4,7.80725,56.0954
20210413,C:\junha\Datasets\LTDv2\frames\frames\20210413\clip_39_1737\image_0054.jpg,4,3.1556284,58.253315
20210413,C:\junha\Datasets\LTDv2\frames\frames\20210413\clip_39_1737\image_0055.jpg,4,3.4579024,58.31328
20210413,C:\junha\Datasets\LTDv2\frames\frames\20210413\clip_39_1737\image_0056.jpg,4,5.914982,49.73816
20210413,C:\junha\Datasets\LTDv2\frames\frames\20210413\clip_39_1737\image_0057.jpg,4,6.07911,49.55746
20210413,C:\junha\Datasets\LTDv2\frames\frames\20210413\clip_39_1737\image_0058.jpg,4,-1.5890983,52.419575
20210413,C:\junha\Datasets\LTDv2\frames\frames\20210413\clip_39_1737\image_0059.jpg,4,-0.42637613,52.06127
20210413,C:\junha\Datasets\LTDv2\frames\frames\20210413\clip_39_1737\image_0060.jpg,4,-2.3310242,62.38334
20210413,C:\junha\Datasets\LTDv2\frames\frames\20210413\clip_39_1737\image_0061.jpg,4,-2.2304158,62.12019
20210413,C:\junha\Datasets\LTDv2\frames\frames\20210413\clip_39_1737\image_0062.jpg,4,-2.331914,62.41128
20210413,C:\junha\Datasets\LTDv2\frames\frames\20210413\clip_39_1737\image_0063.jpg,4,-2.444208,62.6453
20210413,C:\junha\Datasets\LTDv2\frames\frames\20210413\clip_39_1737\image_0064.jpg,4,-2.3720627,62.397438
20210413,C:\junha\Datasets\LTDv2\frames\frames\20210413\clip_39_1737\image_0065.jpg,4,-2.5570238,61.34339
20210413,C:\junha\Datasets\LTDv2\frames\frames\20210413\clip_39_1737\image_0066.jpg,4,-3.1488688,52.458637
20210413,C:\junha\Datasets\LTDv2\frames\frames\20210413\clip_39_1737\image_0067.jpg,4,-3.2391422,52.532394
20210413,C:\junha\Datasets\LTDv2\frames\frames\20210413\clip_39_1737\image_0068.jpg,4,-2.9039648,52.29787
20210413,C:\junha\Datasets\LTDv2\frames\frames\20210413\clip_39_1737\image_0069.jpg,4,-2.6289363,52.057144
20210413,C:\junha\Datasets\LTDv2\frames\frames\20210413\clip_39_1737\image_0070.jpg,4,-3.2636545,51.159157
20210413,C:\junha\Datasets\LTDv2\frames\frames\20210413\clip_39_1737\image_0071.jpg,4,-3.0201514,50.757538
20210413,C:\junha\Datasets\LTDv2\frames\frames\20210413\clip_39_1737\image_0072.jpg,4,-1.3811266,60.269924
20210413,C:\junha\Datasets\LTDv2\frames\frames\20210413\clip_39_1737\image_0073.jpg,4,-1.3847908,60.082443
20210413,C:\junha\Datasets\LTDv2\frames\frames\20210413\clip_39_1737\image_0074.jpg,4,5.4839377,59.792007
20210413,C:\junha\Datasets\LTDv2\frames\frames\20210413\clip_39_1737\image_0075.jpg,4,5.490684,59.81401
20210413,C:\junha\Datasets\LTDv2\frames\frames\20210413\clip_39_1737\image_0076.jpg,4,-1.419789,50.288788
20210413,C:\junha\Datasets\LTDv2\frames\frames\20210413\clip_39_1737\image_0077.jpg,4,6.363093,50.069828
20210413,C:\junha\Datasets\LTDv2\frames\frames\20210413\clip_39_1737\image_0078.jpg,4,4.684816,49.73104
20210413,C:\junha\Datasets\LTDv2\frames\frames\20210413\clip_39_1737\image_0079.jpg,4,-2.5309854,50.945953
20210413,C:\junha\Datasets\LTDv2\frames\frames\20210413\clip_39_1737\image_0080.jpg,4,1.9152602,46.986362
20210413,C:\junha\Datasets\LTDv2\frames\frames\20210413\clip_39_1737\image_0081.jpg,4,1.8254582,46.98305
20210413,C:\junha\Datasets\LTDv2\frames\frames\20210413\clip_39_1737\image_0082.jpg,4,3.875838,50.30251
20210413,C:\junha\Datasets\LTDv2\frames\frames\20210413\clip_39_1737\image_0083.jpg,4,3.6403458,49.972816
20210413,C:\junha\Datasets\LTDv2\frames\frames\20210413\clip_39_1737\image_0084.jpg,4,-2.2131662,50.668434
20210413,C:\junha\Datasets\LTDv2\frames\frames\20210413\clip_39_1737\image_0085.jpg,4,5.880675,49.096203
20210413,C:\junha\Datasets\LTDv2\frames\frames\20210413\clip_39_1737\image_0086.jpg,4,3.3684635,49.76599
20210413,C:\junha\Datasets\LTDv2\frames\frames\20210413\clip_39_1737\image_0087.jpg,4,4.302019,48.032375
20210413,C:\junha\Datasets\LTDv2\frames\frames\20210413\clip_39_1737\image_0088.jpg,4,4.2328467,48.09767
20210413,C:\junha\Datasets\LTDv2\frames\frames\20210413\clip_39_1737\image_0089.jpg,4,6.774935,56.792698
20210413,C:\junha\Datasets\LTDv2\frames\frames\20210413\clip_39_1737\image_0090.jpg,4,6.6507235,56.457584
20210413,C:\junha\Datasets\LTDv2\frames\frames\20210413\clip_39_1737\image_0091.jpg,4,8.712209,52.13502
20210413,C:\junha\Datasets\LTDv2\frames\frames\20210413\clip_39_1737\image_0092.jpg,4,8.710439,52.12908
20210413,C:\junha\Datasets\LTDv2\frames\frames\20210413\clip_39_1737\image_0093.jpg,4,6.362946,47.8565
20210413,C:\junha\Datasets\LTDv2\frames\frames\20210413\clip_39_1737\image_0094.jpg,4,-1.097735,48.30449
20210413,C:\junha\Datasets\LTDv2\frames\frames\20210413\clip_39_1737\image_0095.jpg,4,3.707726,49.345135
20210413,C:\junha\Datasets\LTDv2\frames\frames\20210413\clip_39_1737\image_0096.jpg,4,9.455425,51.35772
20210413,C:\junha\Datasets\LTDv2\frames\frames\20210413\clip_39_1737\image_0097.jpg,4,9.594597,51.352657
20210413,C:\junha\Datasets\LTDv2\frames\frames\20210413\clip_39_1737\image_0098.jpg,4,-1.0918618,48.2803
20210413,C:\junha\Datasets\LTDv2\frames\frames\20210413\clip_39_1737\image_0099.jpg,4,-1.3663691,48.82279
20210413,C:\junha\Datasets\LTDv2\frames\frames\20210413\clip_39_1737\image_0100.jpg,4,-1.0794944,48.731083
20210413,C:\junha\Datasets\LTDv2\frames\frames\20210413\clip_39_1737\image_0101.jpg,4,-1.0589936,48.923958
20210413,C:\junha\Datasets\LTDv2\frames\frames\20210413\clip_39_1737\image_0102.jpg,4,-1.8451893,52.355354
20210413,C:\junha\Datasets\LTDv2\frames\frames\20210413\clip_39_1737\image_0103.jpg,4,6.328619,47.68852
20210413,C:\junha\Datasets\LTDv2\frames\frames\20210413\clip_39_1737\image_0104.jpg,4,0.27888605,48.169636
20210413,C:\junha\Datasets\LTDv2\frames\frames\20210413\clip_39_1737\image_0105.jpg,4,0.11367002,48.19079
20210413,C:\junha\Datasets\LTDv2\frames\frames\20210413\clip_39_1737\image_0106.jpg,4,2.475171,47.367004
20210413,C:\junha\Datasets\LTDv2\frames\frames\20210413\clip_39_1737\image_0107.jpg,4,3.1108665,47.0346
20210413,C:\junha\Datasets\LTDv2\frames\frames\20210413\clip_39_1737\image_0108.jpg,4,3.8491046,47.040882
20210413,C:\junha\Datasets\LTDv2\frames\frames\20210413\clip_39_1737\image_0109.jpg,4,2.1676242,55.91973
20210413,C:\junha\Datasets\LTDv2\frames\frames\20210413\clip_39_1737\image_0110.jpg,4,1.0732318,56.551403
20210413,C:\junha\Datasets\LTDv2\frames\frames\20210413\clip_39_1737\image_0111.jpg,4,3.0418656,49.553185
20210413,C:\junha\Datasets\LTDv2\frames\frames\20210413\clip_39_1737\image_0112.jpg,4,3.9688556,48.66225
20210413,C:\junha\Datasets\LTDv2\frames\frames\20210413\clip_39_1737\image_0113.jpg,4,6.707409,48.76007
20210413,C:\junha\Datasets\LTDv2\frames\frames\20210413\clip_39_1737\image_0114.jpg,4,-1.1265585,50.366302
20210413,C:\junha\Datasets\LTDv2\frames\frames\20210413\clip_39_1737\image_0115.jpg,4,-2.8762727,49.783764
20210413,C:\junha\Datasets\LTDv2\frames\frames\20210413\clip_39_1737\image_0116.jpg,4,5.301057,50.516636
20210413,C:\junha\Datasets\LTDv2\frames\frames\20210413\clip_39_1737\image_0117.jpg,4,5.267675,50.39946
20210413,C:\junha\Datasets\LTDv2\frames\frames\20210413\clip_39_1737\image_0118.jpg,4,4.011643,46.365158
20210413,C:\junha\Datasets\LTDv2\frames\frames\20210413\clip_39_1737\image_0119.jpg,4,4.002798,46.387672
20210413,C:\junha\Datasets\LTDv2\frames\frames\20210413\clip_3_0124\image_0000.jpg,1,-39.687443,-31.497726
20210413,C:\junha\Datasets\LTDv2\frames\frames\20210413\clip_3_0124\image_0001.jpg,1,-39.55916,-31.326355
20210413,C:\junha\Datasets\LTDv2\frames\frames\20210413\clip_3_0124\image_0002.jpg,1,-38.591747,-31.593273
20210413,C:\junha\Datasets\LTDv2\frames\frames\20210413\clip_3_0124\image_0003.jpg,1,-38.672382,-31.638079
20210413,C:\junha\Datasets\LTDv2\frames\frames\20210413\clip_3_0124\image_0004.jpg,1,-39.396664,-32.130333
20210413,C:\junha\Datasets\LTDv2\frames\frames\20210413\clip_3_0124\image_0005.jpg,1,-39.47014,-32.19535
20210413,C:\junha\Datasets\LTDv2\frames\frames\20210413\clip_3_0124\image_0006.jpg,1,-41.071526,-31.80779
20210413,C:\junha\Datasets\LTDv2\frames\frames\20210413\clip_3_0124\image_0007.jpg,1,-40.790012,-31.395704
20210413,C:\junha\Datasets\LTDv2\frames\frames\20210413\clip_3_0124\image_0008.jpg,1,-41.340973,-30.343384
20210413,C:\junha\Datasets\LTDv2\frames\frames\20210413\clip_3_0124\image_0009.jpg,1,-39.19576,-30.71554
20210413,C:\junha\Datasets\LTDv2\frames\frames\20210413\clip_3_0124\image_0010.jpg,1,-39.03185,-28.928583
20210413,C:\junha\Datasets\LTDv2\frames\frames\20210413\clip_3_0124\image_0011.jpg,1,-39.13977,-30.040457
20210413,C:\junha\Datasets\LTDv2\frames\frames\20210413\clip_3_0124\image_0012.jpg,1,-39.79115,-30.877424
20210413,C:\junha\Datasets\LTDv2\frames\frames\20210413\clip_3_0124\image_0013.jpg,1,-41.62814,-30.553068
20210413,C:\junha\Datasets\LTDv2\frames\frames\20210413\clip_3_0124\image_0014.jpg,1,-45.707405,-27.275005
20210413,C:\junha\Datasets\LTDv2\frames\frames\20210413\clip_3_0124\image_0015.jpg,1,-38.856537,-30.068525
20210413,C:\junha\Datasets\LTDv2\frames\frames\20210413\clip_3_0124\image_0016.jpg,1,-45.37086,-27.076702
20210413,C:\junha\Datasets\LTDv2\frames\frames\20210413\clip_3_0124\image_0017.jpg,1,-45.77342,-27.192192
20210413,C:\junha\Datasets\LTDv2\frames\frames\20210413\clip_3_0124\image_0018.jpg,1,-46.051643,-27.315151
20210413,C:\junha\Datasets\LTDv2\frames\frames\20210413\clip_3_0124\image_0019.jpg,1,-46.515156,-27.468966
20210413,C:\junha\Datasets\LTDv2\frames\frames\20210413\clip_3_0124\image_0020.jpg,1,-46.019894,-27.28321
20210413,C:\junha\Datasets\LTDv2\frames\frames\20210413\clip_3_0124\image_0021.jpg,1,-45.71113,-27.67035
20210413,C:\junha\Datasets\LTDv2\frames\frames\20210413\clip_3_0124\image_0022.jpg,1,-41.06362,-32.15172
20210413,C:\junha\Datasets\LTDv2\frames\frames\20210413\clip_3_0124\image_0023.jpg,1,-40.582584,-31.469486
20210413,C:\junha\Datasets\LTDv2\frames\frames\20210413\clip_3_0124\image_0024.jpg,1,-42.285595,-30.255096
20210413,C:\junha\Datasets\LTDv2\frames\frames\20210413\clip_3_0124\image_0025.jpg,1,-42.205555,-30.250988
20210413,C:\junha\Datasets\LTDv2\frames\frames\20210413\clip_3_0124\image_0026.jpg,1,-39.88813,-28.645023
20210413,C:\junha\Datasets\LTDv2\frames\frames\20210413\clip_3_0124\image_0027.jpg,1,-40.440548,-29.023937
20210413,C:\junha\Datasets\LTDv2\frames\frames\20210413\clip_3_0124\image_0028.jpg,1,-41.929874,-31.699263
20210413,C:\junha\Datasets\LTDv2\frames\frames\20210413\clip_3_0124\image_0029.jpg,1,-38.018524,-34.266827
20210413,C:\junha\Datasets\LTDv2\frames\frames\20210413\clip_3_0124\image_0030.jpg,1,-41.010063,-28.395992
20210413,C:\junha\Datasets\LTDv2\frames\frames\20210413\clip_3_0124\image_0031.jpg,1,-40.815754,-28.13354
20210413,C:\junha\Datasets\LTDv2\frames\frames\20210413\clip_3_0124\image_0032.jpg,1,-41.018276,-29.027895
20210413,C:\junha\Datasets\LTDv2\frames\frames\20210413\clip_3_0124\image_0033.jpg,1,-41.199516,-28.914295
20210413,C:\junha\Datasets\LTDv2\frames\frames\20210413\clip_3_0124\image_0034.jpg,1,-42.301174,-24.551493
20210413,C:\junha\Datasets\LTDv2\frames\frames\20210413\clip_3_0124\image_0035.jpg,1,-42.08126,-24.524582
20210413,C:\junha\Datasets\LTDv2\frames\frames\20210413\clip_3_0124\image_0036.jpg,1,-42.289143,-25.14292
20210413,C:\junha\Datasets\LTDv2\frames\frames\20210413\clip_3_0124\image_0037.jpg,1,-42.227707,-25.147959
20210413,C:\junha\Datasets\LTDv2\frames\frames\20210413\clip_3_0124\image_0038.jpg,1,-41.531372,-29.12499
20210413,C:\junha\Datasets\LTDv2\frames\frames\20210413\clip_3_0124\image_0039.jpg,1,-38.798706,-34.238396
20210413,C:\junha\Datasets\LTDv2\frames\frames\20210413\clip_3_0124\image_0040.jpg,1,-38.255768,-34.322727
20210413,C:\junha\Datasets\LTDv2\frames\frames\20210413\clip_3_0124\image_0041.jpg,1,-38.249847,-34.359528
20210413,C:\junha\Datasets\LTDv2\frames\frames\20210413\clip_3_0124\image_0042.jpg,1,-41.116425,-35.49674
20210413,C:\junha\Datasets\LTDv2\frames\frames\20210413\clip_3_0124\image_0043.jpg,1,-41.184925,-35.56752
20210413,C:\junha\Datasets\LTDv2\frames\frames\20210413\clip_3_0124\image_0044.jpg,1,-42.6472,-35.2418
20210413,C:\junha\Datasets\LTDv2\frames\frames\20210413\clip_3_0124\image_0045.jpg,1,-42.697773,-35.315113
20210413,C:\junha\Datasets\LTDv2\frames\frames\20210413\clip_3_0124\image_0046.jpg,1,-41.330338,-35.895542
20210413,C:\junha\Datasets\LTDv2\frames\frames\20210413\clip_3_0124\image_0047.jpg,1,-41.26371,-35.828133
20210413,C:\junha\Datasets\LTDv2\frames\frames\20210413\clip_3_0124\image_0048.jpg,1,-40.530235,-34.096684
20210413,C:\junha\Datasets\LTDv2\frames\frames\20210413\clip_3_0124\image_0049.jpg,1,-40.286095,-33.734013
20210413,C:\junha\Datasets\LTDv2\frames\frames\20210413\clip_3_0124\image_0050.jpg,1,-40.93729,-32.741146
20210413,C:\junha\Datasets\LTDv2\frames\frames\20210413\clip_3_0124\image_0051.jpg,1,-41.383453,-33.08959
20210413,C:\junha\Datasets\LTDv2\frames\frames\20210413\clip_3_0124\image_0052.jpg,1,-40.758957,-34.046566
20210413,C:\junha\Datasets\LTDv2\frames\frames\20210413\clip_3_0124\image_0053.jpg,1,-40.919643,-33.9249
20210413,C:\junha\Datasets\LTDv2\frames\frames\20210413\clip_3_0124\image_0054.jpg,1,-41.35084,-33.479088
20210413,C:\junha\Datasets\LTDv2\frames\frames\20210413\clip_3_0124\image_0055.jpg,1,-42.304646,-33.122383
20210413,C:\junha\Datasets\LTDv2\frames\frames\20210413\clip_3_0124\image_0056.jpg,1,-42.60668,-32.02542
20210413,C:\junha\Datasets\LTDv2\frames\frames\20210413\clip_3_0124\image_0057.jpg,1,-42.5555,-32.31371
20210413,C:\junha\Datasets\LTDv2\frames\frames\20210413\clip_3_0124\image_0058.jpg,1,-41.940174,-32.279125
20210413,C:\junha\Datasets\LTDv2\frames\frames\20210413\clip_3_0124\image_0059.jpg,1,-41.874237,-33.48953
20210413,C:\junha\Datasets\LTDv2\frames\frames\20210413\clip_3_0124\image_0060.jpg,1,-42.251213,-30.906023
20210413,C:\junha\Datasets\LTDv2\frames\frames\20210413\clip_3_0124\image_0061.jpg,1,-42.045795,-30.664083
20210413,C:\junha\Datasets\LTDv2\frames\frames\20210413\clip_3_0124\image_0062.jpg,1,-41.57827,-25.7694
20210413,C:\junha\Datasets\LTDv2\frames\frames\20210413\clip_3_0124\image_0063.jpg,1,-41.450043,-25.965921
20210413,C:\junha\Datasets\LTDv2\frames\frames\20210413\clip_3_0124\image_0064.jpg,1,-43.14642,-32.117855
20210413,C:\junha\Datasets\LTDv2\frames\frames\20210413\clip_3_0124\image_0065.jpg,1,-43.013268,-32.06604
20210413,C:\junha\Datasets\LTDv2\frames\frames\20210413\clip_3_0124\image_0066.jpg,1,-46.212505,-25.219471
20210413,C:\junha\Datasets\LTDv2\frames\frames\20210413\clip_3_0124\image_0067.jpg,1,-46.21548,-25.354553
20210413,C:\junha\Datasets\LTDv2\frames\frames\20210413\clip_3_0124\image_0068.jpg,1,-41.376877,-25.370167
20210413,C:\junha\Datasets\LTDv2\frames\frames\20210413\clip_3_0124\image_0069.jpg,1,-39.710487,-29.195387
20210413,C:\junha\Datasets\LTDv2\frames\frames\20210413\clip_3_0124\image_0070.jpg,1,-43.552807,-26.867495
20210413,C:\junha\Datasets\LTDv2\frames\frames\20210413\clip_3_0124\image_0071.jpg,1,-43.316135,-26.70777
20210413,C:\junha\Datasets\LTDv2\frames\frames\20210413\clip_3_0124\image_0072.jpg,1,-44.159943,-25.848864
20210413,C:\junha\Datasets\LTDv2\frames\frames\20210413\clip_3_0124\image_0073.jpg,1,-44.17995,-25.18961
20210413,C:\junha\Datasets\LTDv2\frames\frames\20210413\clip_3_0124\image_0074.jpg,1,-44.41404,-25.21827
20210413,C:\junha\Datasets\LTDv2\frames\frames\20210413\clip_3_0124\image_0075.jpg,1,-44.267757,-25.061846
20210413,C:\junha\Datasets\LTDv2\frames\frames\20210413\clip_3_0124\image_0076.jpg,1,-43.383114,-30.887825
20210413,C:\junha\Datasets\LTDv2\frames\frames\20210413\clip_3_0124\image_0077.jpg,1,-43.46902,-30.958721
20210413,C:\junha\Datasets\LTDv2\frames\frames\20210413\clip_3_0124\image_0078.jpg,1,-43.650192,-29.983728
20210413,C:\junha\Datasets\LTDv2\frames\frames\20210413\clip_3_0124\image_0079.jpg,1,-43.558235,-29.794592
20210413,C:\junha\Datasets\LTDv2\frames\frames\20210413\clip_3_0124\image_0080.jpg,1,-46.047184,-26.026964
20210413,C:\junha\Datasets\LTDv2\frames\frames\20210413\clip_3_0124\image_0081.jpg,1,-44.233364,-28.03269
20210413,C:\junha\Datasets\LTDv2\frames\frames\20210413\clip_3_0124\image_0082.jpg,1,-40.16394,-29.818777
20210413,C:\junha\Datasets\LTDv2\frames\frames\20210413\clip_3_0124\image_0083.jpg,1,-40.11497,-29.684238
20210413,C:\junha\Datasets\LTDv2\frames\frames\20210413\clip_3_0124\image_0084.jpg,1,-41.74508,-27.776684
20210413,C:\junha\Datasets\LTDv2\frames\frames\20210413\clip_3_0124\image_0085.jpg,1,-41.642746,-27.669222
20210413,C:\junha\Datasets\LTDv2\frames\frames\20210413\clip_3_0124\image_0086.jpg,1,-40.328636,-27.430044
20210413,C:\junha\Datasets\LTDv2\frames\frames\20210413\clip_3_0124\image_0087.jpg,1,-40.373062,-27.625006
20210413,C:\junha\Datasets\LTDv2\frames\frames\20210413\clip_3_0124\image_0088.jpg,1,-39.5784,-27.209738
20210413,C:\junha\Datasets\LTDv2\frames\frames\20210413\clip_3_0124\image_0089.jpg,1,-37.58605,-34.36935
20210413,C:\junha\Datasets\LTDv2\frames\frames\20210413\clip_3_0124\image_0090.jpg,1,-43.69255,-28.038729
20210413,C:\junha\Datasets\LTDv2\frames\frames\20210413\clip_3_0124\image_0091.jpg,1,-43.54832,-28.110613
20210413,C:\junha\Datasets\LTDv2\frames\frames\20210413\clip_3_0124\image_0092.jpg,1,-43.1994,-27.530807
20210413,C:\junha\Datasets\LTDv2\frames\frames\20210413\clip_3_0124\image_0093.jpg,1,-39.40094,-27.859768
20210413,C:\junha\Datasets\LTDv2\frames\frames\20210413\clip_3_0124\image_0094.jpg,1,-44.03083,-25.595074
20210413,C:\junha\Datasets\LTDv2\frames\frames\20210413\clip_3_0124\image_0095.jpg,1,-43.667038,-25.45412
20210413,C:\junha\Datasets\LTDv2\frames\frames\20210413\clip_3_0124\image_0096.jpg,1,-44.877705,-26.46332
20210413,C:\junha\Datasets\LTDv2\frames\frames\20210413\clip_3_0124\image_0097.jpg,1,-44.873135,-26.394844
20210413,C:\junha\Datasets\LTDv2\frames\frames\20210413\clip_3_0124\image_0098.jpg,1,-44.102623,-29.082163
20210413,C:\junha\Datasets\LTDv2\frames\frames\20210413\clip_3_0124\image_0099.jpg,1,-46.9071,-25.482676
20210413,C:\junha\Datasets\LTDv2\frames\frames\20210413\clip_3_0124\image_0100.jpg,1,-44.696552,-30.681124
20210413,C:\junha\Datasets\LTDv2\frames\frames\20210413\clip_3_0124\image_0101.jpg,1,-44.645405,-30.42449
20210413,C:\junha\Datasets\LTDv2\frames\frames\20210413\clip_3_0124\image_0102.jpg,1,-43.86658,-30.831476
20210413,C:\junha\Datasets\LTDv2\frames\frames\20210413\clip_3_0124\image_0103.jpg,1,-45.507076,-29.256804
20210413,C:\junha\Datasets\LTDv2\frames\frames\20210413\clip_3_0124\image_0104.jpg,1,-45.526432,-29.099348
20210413,C:\junha\Datasets\LTDv2\frames\frames\20210413\clip_3_0124\image_0105.jpg,1,-45.433315,-28.953178
20210413,C:\junha\Datasets\LTDv2\frames\frames\20210413\clip_3_0124\image_0106.jpg,1,-42.43004,-28.15752
20210413,C:\junha\Datasets\LTDv2\frames\frames\20210413\clip_3_0124\image_0107.jpg,1,-42.175705,-28.01885
20210413,C:\junha\Datasets\LTDv2\frames\frames\20210413\clip_3_0124\image_0108.jpg,1,-42.723007,-30.162086
20210413,C:\junha\Datasets\LTDv2\frames\frames\20210413\clip_3_0124\image_0109.jpg,1,-40.31203,-29.812838
20210413,C:\junha\Datasets\LTDv2\frames\frames\20210413\clip_3_0124\image_0110.jpg,1,-38.587543,-27.680996
20210413,C:\junha\Datasets\LTDv2\frames\frames\20210413\clip_3_0124\image_0111.jpg,1,-38.586666,-27.585508
20210413,C:\junha\Datasets\LTDv2\frames\frames\20210413\clip_3_0124\image_0112.jpg,1,-41.906727,-26.996687
20210413,C:\junha\Datasets\LTDv2\frames\frames\20210413\clip_3_0124\image_0113.jpg,1,-41.812695,-27.03105
20210413,C:\junha\Datasets\LTDv2\frames\frames\20210413\clip_3_0124\image_0114.jpg,1,-42.667156,-28.950863
20210413,C:\junha\Datasets\LTDv2\frames\frames\20210413\clip_3_0124\image_0115.jpg,1,-42.540012,-28.805887
20210413,C:\junha\Datasets\LTDv2\frames\frames\20210413\clip_3_0124\image_0116.jpg,1,-42.66416,-29.28858
20210413,C:\junha\Datasets\LTDv2\frames\frames\20210413\clip_3_0124\image_0117.jpg,1,-43.777985,-27.085953
20210413,C:\junha\Datasets\LTDv2\frames\frames\20210413\clip_3_0124\image_0118.jpg,1,-38.32535,-28.038445
20210413,C:\junha\Datasets\LTDv2\frames\frames\20210413\clip_3_0124\image_0119.jpg,1,-43.57127,-34.442947
20210413,C:\junha\Datasets\LTDv2\frames\frames\20210413\clip_40_1748\image_0000.jpg,4,0.10465101,61.04721
20210413,C:\junha\Datasets\LTDv2\frames\frames\20210413\clip_40_1748\image_0001.jpg,4,0.10637727,60.92554
20210413,C:\junha\Datasets\LTDv2\frames\frames\20210413\clip_40_1748\image_0002.jpg,4,0.24869399,60.890587
20210413,C:\junha\Datasets\LTDv2\frames\frames\20210413\clip_40_1748\image_0003.jpg,4,0.68941456,61.23644
20210413,C:\junha\Datasets\LTDv2\frames\frames\20210413\clip_40_1748\image_0004.jpg,4,1.3592254,59.930458
20210413,C:\junha\Datasets\LTDv2\frames\frames\20210413\clip_40_1748\image_0005.jpg,4,2.9467244,56.14954
20210413,C:\junha\Datasets\LTDv2\frames\frames\20210413\clip_40_1748\image_0006.jpg,4,1.6446036,59.422802
20210413,C:\junha\Datasets\LTDv2\frames\frames\20210413\clip_40_1748\image_0007.jpg,4,2.3404675,54.901745
20210413,C:\junha\Datasets\LTDv2\frames\frames\20210413\clip_40_1748\image_0008.jpg,4,2.844125,55.224087
20210413,C:\junha\Datasets\LTDv2\frames\frames\20210413\clip_40_1748\image_0009.jpg,4,1.0555339,54.66733
20210413,C:\junha\Datasets\LTDv2\frames\frames\20210413\clip_40_1748\image_0010.jpg,4,1.2784929,54.226078
20210413,C:\junha\Datasets\LTDv2\frames\frames\20210413\clip_40_1748\image_0011.jpg,4,1.4330161,54.441822
20210413,C:\junha\Datasets\LTDv2\frames\frames\20210413\clip_40_1748\image_0012.jpg,4,1.4618104,54.455082
20210413,C:\junha\Datasets\LTDv2\frames\frames\20210413\clip_40_1748\image_0013.jpg,4,2.0660224,55.98676
20210413,C:\junha\Datasets\LTDv2\frames\frames\20210413\clip_40_1748\image_0014.jpg,4,1.9355069,55.971676
20210413,C:\junha\Datasets\LTDv2\frames\frames\20210413\clip_40_1748\image_0015.jpg,4,3.8028753,59.40267
20210413,C:\junha\Datasets\LTDv2\frames\frames\20210413\clip_40_1748\image_0016.jpg,4,3.813425,59.57883
20210413,C:\junha\Datasets\LTDv2\frames\frames\20210413\clip_40_1748\image_0017.jpg,4,3.836276,60.5293
20210413,C:\junha\Datasets\LTDv2\frames\frames\20210413\clip_40_1748\image_0018.jpg,4,3.7694883,60.331337
20210413,C:\junha\Datasets\LTDv2\frames\frames\20210413\clip_40_1748\image_0019.jpg,4,0.3873186,57.682655
20210413,C:\junha\Datasets\LTDv2\frames\frames\20210413\clip_40_1748\image_0020.jpg,4,0.5321491,57.116898
20210413,C:\junha\Datasets\LTDv2\frames\frames\20210413\clip_40_1748\image_0021.jpg,4,0.75775784,56.778633
20210413,C:\junha\Datasets\LTDv2\frames\frames\20210413\clip_40_1748\image_0022.jpg,4,0.8769277,56.829582
20210413,C:\junha\Datasets\LTDv2\frames\frames\20210413\clip_40_1748\image_0023.jpg,4,-2.7676513,56.16883
20210413,C:\junha\Datasets\LTDv2\frames\frames\20210413\clip_40_1748\image_0024.jpg,4,-3.033786,56.119858
20210413,C:\junha\Datasets\LTDv2\frames\frames\20210413\clip_40_1748\image_0025.jpg,4,-2.4513702,56.59562
20210413,C:\junha\Datasets\LTDv2\frames\frames\20210413\clip_40_1748\image_0026.jpg,4,-2.3083396,56.636707
20210413,C:\junha\Datasets\LTDv2\frames\frames\20210413\clip_40_1748\image_0027.jpg,4,-2.6307127,57.258636
20210413,C:\junha\Datasets\LTDv2\frames\frames\20210413\clip_40_1748\image_0028.jpg,4,-2.4889195,56.774258
20210413,C:\junha\Datasets\LTDv2\frames\frames\20210413\clip_40_1748\image_0029.jpg,4,2.2205703,62.761826
20210413,C:\junha\Datasets\LTDv2\frames\frames\20210413\clip_40_1748\image_0030.jpg,4,2.1917174,62.55553
20210413,C:\junha\Datasets\LTDv2\frames\frames\20210413\clip_40_1748\image_0031.jpg,4,2.0296023,61.761818
20210413,C:\junha\Datasets\LTDv2\frames\frames\20210413\clip_40_1748\image_0032.jpg,4,2.3518853,61.19966
20210413,C:\junha\Datasets\LTDv2\frames\frames\20210413\clip_40_1748\image_0033.jpg,4,2.3899095,61.165146
20210413,C:\junha\Datasets\LTDv2\frames\frames\20210413\clip_40_1748\image_0034.jpg,4,5.8966947,55.934677
20210413,C:\junha\Datasets\LTDv2\frames\frames\20210413\clip_40_1748\image_0035.jpg,4,0.13608061,62.25635
20210413,C:\junha\Datasets\LTDv2\frames\frames\20210413\clip_40_1748\image_0036.jpg,4,-0.017476702,62.424984
20210413,C:\junha\Datasets\LTDv2\frames\frames\20210413\clip_40_1748\image_0037.jpg,4,0.16704133,62.232525
20210413,C:\junha\Datasets\LTDv2\frames\frames\20210413\clip_40_1748\image_0038.jpg,4,0.34601018,62.113934
20210413,C:\junha\Datasets\LTDv2\frames\frames\20210413\clip_40_1748\image_0039.jpg,4,-1.6060464,58.047607
20210413,C:\junha\Datasets\LTDv2\frames\frames\20210413\clip_40_1748\image_0040.jpg,4,-1.4425157,58.381733
20210413,C:\junha\Datasets\LTDv2\frames\frames\20210413\clip_40_1748\image_0041.jpg,4,-1.7831453,58.39446
20210413,C:\junha\Datasets\LTDv2\frames\frames\20210413\clip_40_1748\image_0042.jpg,4,-2.8541794,53.677742
20210413,C:\junha\Datasets\LTDv2\frames\frames\20210413\clip_40_1748\image_0043.jpg,4,3.464356,52.42115
20210413,C:\junha\Datasets\LTDv2\frames\frames\20210413\clip_40_1748\image_0044.jpg,4,3.659028,51.96852
20210413,C:\junha\Datasets\LTDv2\frames\frames\20210413\clip_40_1748\image_0045.jpg,4,1.7648854,51.67214
20210413,C:\junha\Datasets\LTDv2\frames\frames\20210413\clip_40_1748\image_0046.jpg,4,2.1137836,51.249557
20210413,C:\junha\Datasets\LTDv2\frames\frames\20210413\clip_40_1748\image_0047.jpg,4,2.623515,51.27567
20210413,C:\junha\Datasets\LTDv2\frames\frames\20210413\clip_40_1748\image_0048.jpg,4,2.7379816,50.738575
20210413,C:\junha\Datasets\LTDv2\frames\frames\20210413\clip_40_1748\image_0049.jpg,4,0.25130433,53.27912
20210413,C:\junha\Datasets\LTDv2\frames\frames\20210413\clip_40_1748\image_0050.jpg,4,0.23123349,52.953354
20210413,C:\junha\Datasets\LTDv2\frames\frames\20210413\clip_40_1748\image_0051.jpg,4,0.26681545,53.200356
20210413,C:\junha\Datasets\LTDv2\frames\frames\20210413\clip_40_1748\image_0052.jpg,4,0.6886491,52.02521
20210413,C:\junha\Datasets\LTDv2\frames\frames\20210413\clip_40_1748\image_0053.jpg,4,0.79389477,51.621937
20210413,C:\junha\Datasets\LTDv2\frames\frames\20210413\clip_40_1748\image_0054.jpg,4,1.1573353,50.984245
20210413,C:\junha\Datasets\LTDv2\frames\frames\20210413\clip_40_1748\image_0055.jpg,4,1.6816624,50.417538
20210413,C:\junha\Datasets\LTDv2\frames\frames\20210413\clip_40_1748\image_0056.jpg,4,2.2742963,50.19455
20210413,C:\junha\Datasets\LTDv2\frames\frames\20210413\clip_40_1748\image_0057.jpg,4,0.5862313,55.029015
20210413,C:\junha\Datasets\LTDv2\frames\frames\20210413\clip_40_1748\image_0058.jpg,4,1.0824765,55.08213
20210413,C:\junha\Datasets\LTDv2\frames\frames\20210413\clip_40_1748\image_0059.jpg,4,0.7730823,55.562725
20210413,C:\junha\Datasets\LTDv2\frames\frames\20210413\clip_40_1748\image_0060.jpg,4,0.5344372,55.313335
20210413,C:\junha\Datasets\LTDv2\frames\frames\20210413\clip_40_1748\image_0061.jpg,4,2.3510842,57.714443
20210413,C:\junha\Datasets\LTDv2\frames\frames\20210413\clip_40_1748\image_0062.jpg,4,2.280134,57.340797
20210413,C:\junha\Datasets\LTDv2\frames\frames\20210413\clip_40_1748\image_0063.jpg,4,-0.75261253,55.736164
20210413,C:\junha\Datasets\LTDv2\frames\frames\20210413\clip_40_1748\image_0064.jpg,4,1.7316967,58.474873
20210413,C:\junha\Datasets\LTDv2\frames\frames\20210413\clip_40_1748\image_0065.jpg,4,-1.2197713,56.66276
20210413,C:\junha\Datasets\LTDv2\frames\frames\20210413\clip_40_1748\image_0066.jpg,4,5.958095,54.323757
20210413,C:\junha\Datasets\LTDv2\frames\frames\20210413\clip_40_1748\image_0067.jpg,4,-2.7302647,54.512787
20210413,C:\junha\Datasets\LTDv2\frames\frames\20210413\clip_40_1748\image_0068.jpg,4,-2.211916,55.348324
20210413,C:\junha\Datasets\LTDv2\frames\frames\20210413\clip_40_1748\image_0069.jpg,4,-2.3537338,56.2987
20210413,C:\junha\Datasets\LTDv2\frames\frames\20210413\clip_40_1748\image_0070.jpg,4,-1.9404525,55.695225
20210413,C:\junha\Datasets\LTDv2\frames\frames\20210413\clip_40_1748\image_0071.jpg,4,-1.0612863,56.42438
20210413,C:\junha\Datasets\LTDv2\frames\frames\20210413\clip_40_1748\image_0072.jpg,4,3.0907261,57.43469
20210413,C:\junha\Datasets\LTDv2\frames\frames\20210413\clip_40_1748\image_0073.jpg,4,-0.712792,55.47659
20210413,C:\junha\Datasets\LTDv2\frames\frames\20210413\clip_40_1748\image_0074.jpg,4,-0.6246822,55.23008
20210413,C:\junha\Datasets\LTDv2\frames\frames\20210413\clip_40_1748\image_0075.jpg,4,2.9727402,59.23399
20210413,C:\junha\Datasets\LTDv2\frames\frames\20210413\clip_40_1748\image_0076.jpg,4,-0.11419003,55.441586
20210413,C:\junha\Datasets\LTDv2\frames\frames\20210413\clip_40_1748\image_0077.jpg,4,2.629829,57.811447
20210413,C:\junha\Datasets\LTDv2\frames\frames\20210413\clip_40_1748\image_0078.jpg,4,4.628134,56.50638
20210413,C:\junha\Datasets\LTDv2\frames\frames\20210413\clip_40_1748\image_0079.jpg,4,7.9813166,58.17162
20210413,C:\junha\Datasets\LTDv2\frames\frames\20210413\clip_40_1748\image_0080.jpg,4,8.330293,57.145805
20210413,C:\junha\Datasets\LTDv2\frames\frames\20210413\clip_40_1748\image_0081.jpg,4,8.517883,56.96374
20210413,C:\junha\Datasets\LTDv2\frames\frames\20210413\clip_40_1748\image_0082.jpg,4,6.341335,53.714
20210413,C:\junha\Datasets\LTDv2\frames\frames\20210413\clip_40_1748\image_0083.jpg,4,4.6240883,57.33134
20210413,C:\junha\Datasets\LTDv2\frames\frames\20210413\clip_40_1748\image_0084.jpg,4,4.184602,58.044273
20210413,C:\junha\Datasets\LTDv2\frames\frames\20210413\clip_40_1748\image_0085.jpg,4,4.191457,57.709835
20210413,C:\junha\Datasets\LTDv2\frames\frames\20210413\clip_40_1748\image_0086.jpg,4,3.8626168,57.768433
20210413,C:\junha\Datasets\LTDv2\frames\frames\20210413\clip_40_1748\image_0087.jpg,4,4.544031,58.458317
20210413,C:\junha\Datasets\LTDv2\frames\frames\20210413\clip_40_1748\image_0088.jpg,4,4.547205,58.240818
20210413,C:\junha\Datasets\LTDv2\frames\frames\20210413\clip_40_1748\image_0089.jpg,4,7.9960256,58.234474
20210413,C:\junha\Datasets\LTDv2\frames\frames\20210413\clip_40_1748\image_0090.jpg,4,8.78681,57.438686
20210413,C:\junha\Datasets\LTDv2\frames\frames\20210413\clip_40_1748\image_0091.jpg,4,8.892014,58.346382
20210413,C:\junha\Datasets\LTDv2\frames\frames\20210413\clip_40_1748\image_0092.jpg,4,4.331007,55.30147
20210413,C:\junha\Datasets\LTDv2\frames\frames\20210413\clip_40_1748\image_0093.jpg,4,5.0643563,51.922695
20210413,C:\junha\Datasets\LTDv2\frames\frames\20210413\clip_40_1748\image_0094.jpg,4,4.896071,51.95807
20210413,C:\junha\Datasets\LTDv2\frames\frames\20210413\clip_40_1748\image_0095.jpg,4,3.473608,53.77556
20210413,C:\junha\Datasets\LTDv2\frames\frames\20210413\clip_40_1748\image_0096.jpg,4,3.3625302,53.927193
20210413,C:\junha\Datasets\LTDv2\frames\frames\20210413\clip_40_1748\image_0097.jpg,4,3.6086395,54.641888
20210413,C:\junha\Datasets\LTDv2\frames\frames\20210413\clip_40_1748\image_0098.jpg,4,5.363005,54.74683
20210413,C:\junha\Datasets\LTDv2\frames\frames\20210413\clip_40_1748\image_0099.jpg,4,4.1959124,56.051888
20210413,C:\junha\Datasets\LTDv2\frames\frames\20210413\clip_40_1748\image_0100.jpg,4,3.0319917,59.241222
20210413,C:\junha\Datasets\LTDv2\frames\frames\20210413\clip_40_1748\image_0101.jpg,4,2.11416,58.416435
20210413,C:\junha\Datasets\LTDv2\frames\frames\20210413\clip_40_1748\image_0102.jpg,4,5.5584345,53.664696
20210413,C:\junha\Datasets\LTDv2\frames\frames\20210413\clip_40_1748\image_0103.jpg,4,5.64336,53.485844
20210413,C:\junha\Datasets\LTDv2\frames\frames\20210413\clip_40_1748\image_0104.jpg,4,4.8737373,53.94188
20210413,C:\junha\Datasets\LTDv2\frames\frames\20210413\clip_40_1748\image_0105.jpg,4,4.2311025,54.173927
20210413,C:\junha\Datasets\LTDv2\frames\frames\20210413\clip_40_1748\image_0106.jpg,4,4.087757,52.315975
20210413,C:\junha\Datasets\LTDv2\frames\frames\20210413\clip_40_1748\image_0107.jpg,4,4.3084865,53.396523
20210413,C:\junha\Datasets\LTDv2\frames\frames\20210413\clip_40_1748\image_0108.jpg,4,4.4277186,52.696854
20210413,C:\junha\Datasets\LTDv2\frames\frames\20210413\clip_40_1748\image_0109.jpg,4,3.6423,54.668365
20210413,C:\junha\Datasets\LTDv2\frames\frames\20210413\clip_40_1748\image_0110.jpg,4,1.8308977,53.195705
20210413,C:\junha\Datasets\LTDv2\frames\frames\20210413\clip_40_1748\image_0111.jpg,4,1.8722934,53.287464
20210413,C:\junha\Datasets\LTDv2\frames\frames\20210413\clip_40_1748\image_0112.jpg,4,1.6832559,52.823265
20210413,C:\junha\Datasets\LTDv2\frames\frames\20210413\clip_40_1748\image_0113.jpg,4,1.4372951,52.380116
20210413,C:\junha\Datasets\LTDv2\frames\frames\20210413\clip_40_1748\image_0114.jpg,4,1.5265361,52.39349
20210413,C:\junha\Datasets\LTDv2\frames\frames\20210413\clip_40_1748\image_0115.jpg,4,3.562146,51.52503
20210413,C:\junha\Datasets\LTDv2\frames\frames\20210413\clip_40_1748\image_0116.jpg,4,1.7805111,52.54049
20210413,C:\junha\Datasets\LTDv2\frames\frames\20210413\clip_40_1748\image_0117.jpg,4,2.44367,52.249832
20210413,C:\junha\Datasets\LTDv2\frames\frames\20210413\clip_40_1748\image_0118.jpg,4,3.4648743,51.55157
20210413,C:\junha\Datasets\LTDv2\frames\frames\20210413\clip_40_1748\image_0119.jpg,4,5.701047,51.949413
20210413,C:\junha\Datasets\LTDv2\frames\frames\20210413\clip_41_1816\image_0000.jpg,4,16.650642,65.27803
20210413,C:\junha\Datasets\LTDv2\frames\frames\20210413\clip_41_1816\image_0001.jpg,4,16.65199,65.17287
20210413,C:\junha\Datasets\LTDv2\frames\frames\20210413\clip_41_1816\image_0002.jpg,4,17.177826,67.13627
20210413,C:\junha\Datasets\LTDv2\frames\frames\20210413\clip_41_1816\image_0003.jpg,4,17.357628,66.99364
20210413,C:\junha\Datasets\LTDv2\frames\frames\20210413\clip_41_1816\image_0004.jpg,4,17.439878,67.04682
20210413,C:\junha\Datasets\LTDv2\frames\frames\20210413\clip_41_1816\image_0005.jpg,4,17.747358,63.729813
20210413,C:\junha\Datasets\LTDv2\frames\frames\20210413\clip_41_1816\image_0006.jpg,4,18.175264,63.132366
20210413,C:\junha\Datasets\LTDv2\frames\frames\20210413\clip_41_1816\image_0007.jpg,4,18.464552,62.951397
20210413,C:\junha\Datasets\LTDv2\frames\frames\20210413\clip_41_1816\image_0008.jpg,4,18.700676,62.64307
20210413,C:\junha\Datasets\LTDv2\frames\frames\20210413\clip_41_1816\image_0009.jpg,4,23.173635,70.46225
20210413,C:\junha\Datasets\LTDv2\frames\frames\20210413\clip_41_1816\image_0010.jpg,4,23.125969,70.41468
20210413,C:\junha\Datasets\LTDv2\frames\frames\20210413\clip_41_1816\image_0011.jpg,4,21.047949,70.86343
20210413,C:\junha\Datasets\LTDv2\frames\frames\20210413\clip_41_1816\image_0012.jpg,4,20.365551,72.1948
20210413,C:\junha\Datasets\LTDv2\frames\frames\20210413\clip_41_1816\image_0013.jpg,4,20.440239,71.64114
20210413,C:\junha\Datasets\LTDv2\frames\frames\20210413\clip_41_1816\image_0014.jpg,4,20.273191,72.16306
20210413,C:\junha\Datasets\LTDv2\frames\frames\20210413\clip_41_1816\image_0015.jpg,4,20.249771,72.106964
20210413,C:\junha\Datasets\LTDv2\frames\frames\20210413\clip_41_1816\image_0016.jpg,4,20.1703,72.279434
20210413,C:\junha\Datasets\LTDv2\frames\frames\20210413\clip_41_1816\image_0017.jpg,4,21.240128,70.0422
20210413,C:\junha\Datasets\LTDv2\frames\frames\20210413\clip_41_1816\image_0018.jpg,4,21.473356,69.80142
20210413,C:\junha\Datasets\LTDv2\frames\frames\20210413\clip_41_1816\image_0019.jpg,4,19.98967,70.11779
20210413,C:\junha\Datasets\LTDv2\frames\frames\20210413\clip_41_1816\image_0020.jpg,4,19.48375,70.40391
20210413,C:\junha\Datasets\LTDv2\frames\frames\20210413\clip_41_1816\image_0021.jpg,4,19.210117,70.42659
20210413,C:\junha\Datasets\LTDv2\frames\frames\20210413\clip_41_1816\image_0022.jpg,4,18.873896,70.34126
20210413,C:\junha\Datasets\LTDv2\frames\frames\20210413\clip_41_1816\image_0023.jpg,4,19.094822,70.20999
20210413,C:\junha\Datasets\LTDv2\frames\frames\20210413\clip_41_1816\image_0024.jpg,4,21.648422,68.104355
20210413,C:\junha\Datasets\LTDv2\frames\frames\20210413\clip_41_1816\image_0025.jpg,4,21.680546,67.72677
20210413,C:\junha\Datasets\LTDv2\frames\frames\20210413\clip_41_1816\image_0026.jpg,4,21.489874,68.20289
20210413,C:\junha\Datasets\LTDv2\frames\frames\20210413\clip_41_1816\image_0027.jpg,4,21.455984,68.118034
20210413,C:\junha\Datasets\LTDv2\frames\frames\20210413\clip_41_1816\image_0028.jpg,4,20.91406,71.22143
20210413,C:\junha\Datasets\LTDv2\frames\frames\20210413\clip_41_1816\image_0029.jpg,4,21.512228,71.27469
20210413,C:\junha\Datasets\LTDv2\frames\frames\20210413\clip_41_1816\image_0030.jpg,4,15.2456255,68.8056
20210413,C:\junha\Datasets\LTDv2\frames\frames\20210413\clip_41_1816\image_0031.jpg,4,15.61793,68.95042
20210413,C:\junha\Datasets\LTDv2\frames\frames\20210413\clip_41_1816\image_0032.jpg,4,17.841566,70.64998
20210413,C:\junha\Datasets\LTDv2\frames\frames\20210413\clip_41_1816\image_0033.jpg,4,17.630653,70.82845
20210413,C:\junha\Datasets\LTDv2\frames\frames\20210413\clip_41_1816\image_0034.jpg,4,19.468596,69.475716
20210413,C:\junha\Datasets\LTDv2\frames\frames\20210413\clip_41_1816\image_0035.jpg,4,20.130787,69.52861
20210413,C:\junha\Datasets\LTDv2\frames\frames\20210413\clip_41_1816\image_0036.jpg,4,19.33294,68.905
20210413,C:\junha\Datasets\LTDv2\frames\frames\20210413\clip_41_1816\image_0037.jpg,4,19.725452,70.525955
20210413,C:\junha\Datasets\LTDv2\frames\frames\20210413\clip_41_1816\image_0038.jpg,4,20.22406,69.36938
20210413,C:\junha\Datasets\LTDv2\frames\frames\20210413\clip_41_1816\image_0039.jpg,4,18.693686,70.73677
20210413,C:\junha\Datasets\LTDv2\frames\frames\20210413\clip_41_1816\image_0040.jpg,4,20.898497,69.27339
20210413,C:\junha\Datasets\LTDv2\frames\frames\20210413\clip_41_1816\image_0041.jpg,4,17.903126,64.41775
20210413,C:\junha\Datasets\LTDv2\frames\frames\20210413\clip_41_1816\image_0042.jpg,4,17.443003,64.66375
20210413,C:\junha\Datasets\LTDv2\frames\frames\20210413\clip_41_1816\image_0043.jpg,4,17.675192,64.70233
20210413,C:\junha\Datasets\LTDv2\frames\frames\20210413\clip_41_1816\image_0044.jpg,4,18.635511,66.13145
20210413,C:\junha\Datasets\LTDv2\frames\frames\20210413\clip_41_1816\image_0045.jpg,4,18.374273,64.46129
20210413,C:\junha\Datasets\LTDv2\frames\frames\20210413\clip_41_1816\image_0046.jpg,4,18.003517,64.628334
20210413,C:\junha\Datasets\LTDv2\frames\frames\20210413\clip_41_1816\image_0047.jpg,4,18.247057,65.3417
20210413,C:\junha\Datasets\LTDv2\frames\frames\20210413\clip_41_1816\image_0048.jpg,4,18.158663,65.181046
20210413,C:\junha\Datasets\LTDv2\frames\frames\20210413\clip_41_1816\image_0049.jpg,4,16.796938,71.540825
20210413,C:\junha\Datasets\LTDv2\frames\frames\20210413\clip_41_1816\image_0050.jpg,4,16.829958,71.534615
20210413,C:\junha\Datasets\LTDv2\frames\frames\20210413\clip_41_1816\image_0051.jpg,4,16.705921,71.31727
20210413,C:\junha\Datasets\LTDv2\frames\frames\20210413\clip_41_1816\image_0052.jpg,4,16.695097,70.969246
20210413,C:\junha\Datasets\LTDv2\frames\frames\20210413\clip_41_1816\image_0053.jpg,4,16.587824,70.93982
20210413,C:\junha\Datasets\LTDv2\frames\frames\20210413\clip_41_1816\image_0054.jpg,4,16.774412,70.46606
20210413,C:\junha\Datasets\LTDv2\frames\frames\20210413\clip_41_1816\image_0055.jpg,4,19.89868,67.41369
20210413,C:\junha\Datasets\LTDv2\frames\frames\20210413\clip_41_1816\image_0056.jpg,4,20.283606,69.46396
20210413,C:\junha\Datasets\LTDv2\frames\frames\20210413\clip_41_1816\image_0057.jpg,4,18.350273,68.67207
20210413,C:\junha\Datasets\LTDv2\frames\frames\20210413\clip_41_1816\image_0058.jpg,4,20.73677,69.323715
20210413,C:\junha\Datasets\LTDv2\frames\frames\20210413\clip_41_1816\image_0059.jpg,4,18.229256,70.73821
20210413,C:\junha\Datasets\LTDv2\frames\frames\20210413\clip_41_1816\image_0060.jpg,4,20.297316,69.72402
20210413,C:\junha\Datasets\LTDv2\frames\frames\20210413\clip_41_1816\image_0061.jpg,4,22.08553,71.75335
20210413,C:\junha\Datasets\LTDv2\frames\frames\20210413\clip_41_1816\image_0062.jpg,4,22.302013,71.08494
20210413,C:\junha\Datasets\LTDv2\frames\frames\20210413\clip_41_1816\image_0063.jpg,4,18.992105,62.25431
20210413,C:\junha\Datasets\LTDv2\frames\frames\20210413\clip_41_1816\image_0064.jpg,4,22.147284,70.98819
20210413,C:\junha\Datasets\LTDv2\frames\frames\20210413\clip_41_1816\image_0065.jpg,4,22.356546,70.11749
20210413,C:\junha\Datasets\LTDv2\frames\frames\20210413\clip_41_1816\image_0066.jpg,4,22.362635,70.69943
20210413,C:\junha\Datasets\LTDv2\frames\frames\20210413\clip_41_1816\image_0067.jpg,4,22.375856,70.191154
20210413,C:\junha\Datasets\LTDv2\frames\frames\20210413\clip_41_1816\image_0068.jpg,4,22.856985,64.24133
20210413,C:\junha\Datasets\LTDv2\frames\frames\20210413\clip_41_1816\image_0069.jpg,4,19.799416,66.05087
20210413,C:\junha\Datasets\LTDv2\frames\frames\20210413\clip_41_1816\image_0070.jpg,4,15.848351,68.416954
20210413,C:\junha\Datasets\LTDv2\frames\frames\20210413\clip_41_1816\image_0071.jpg,4,15.90445,68.866196
20210413,C:\junha\Datasets\LTDv2\frames\frames\20210413\clip_41_1816\image_0072.jpg,4,19.96449,65.847466
20210413,C:\junha\Datasets\LTDv2\frames\frames\20210413\clip_41_1816\image_0073.jpg,4,19.848646,66.007935
20210413,C:\junha\Datasets\LTDv2\frames\frames\20210413\clip_41_1816\image_0074.jpg,4,20.924812,66.50343
20210413,C:\junha\Datasets\LTDv2\frames\frames\20210413\clip_41_1816\image_0075.jpg,4,21.603489,66.50731
20210413,C:\junha\Datasets\LTDv2\frames\frames\20210413\clip_41_1816\image_0076.jpg,4,22.263172,65.698044
20210413,C:\junha\Datasets\LTDv2\frames\frames\20210413\clip_41_1816\image_0077.jpg,4,22.56823,64.94924
20210413,C:\junha\Datasets\LTDv2\frames\frames\20210413\clip_41_1816\image_0078.jpg,4,18.873333,67.929726
20210413,C:\junha\Datasets\LTDv2\frames\frames\20210413\clip_41_1816\image_0079.jpg,4,17.003902,70.142975
20210413,C:\junha\Datasets\LTDv2\frames\frames\20210413\clip_41_1816\image_0080.jpg,4,18.332533,67.51848
20210413,C:\junha\Datasets\LTDv2\frames\frames\20210413\clip_41_1816\image_0081.jpg,4,17.926308,68.561874
20210413,C:\junha\Datasets\LTDv2\frames\frames\20210413\clip_41_1816\image_0082.jpg,4,17.763927,70.02176
20210413,C:\junha\Datasets\LTDv2\frames\frames\20210413\clip_41_1816\image_0083.jpg,4,17.161156,70.447334
20210413,C:\junha\Datasets\LTDv2\frames\frames\20210413\clip_41_1816\image_0084.jpg,4,17.678566,68.054016
20210413,C:\junha\Datasets\LTDv2\frames\frames\20210413\clip_41_1816\image_0085.jpg,4,18.356447,66.52283
20210413,C:\junha\Datasets\LTDv2\frames\frames\20210413\clip_41_1816\image_0086.jpg,4,19.210579,67.397
20210413,C:\junha\Datasets\LTDv2\frames\frames\20210413\clip_41_1816\image_0087.jpg,4,20.03209,67.36023
20210413,C:\junha\Datasets\LTDv2\frames\frames\20210413\clip_41_1816\image_0088.jpg,4,20.321608,67.517784
20210413,C:\junha\Datasets\LTDv2\frames\frames\20210413\clip_41_1816\image_0089.jpg,4,17.524698,69.80121
20210413,C:\junha\Datasets\LTDv2\frames\frames\20210413\clip_41_1816\image_0090.jpg,4,20.88399,67.108826
20210413,C:\junha\Datasets\LTDv2\frames\frames\20210413\clip_41_1816\image_0091.jpg,4,21.051878,67.176865
20210413,C:\junha\Datasets\LTDv2\frames\frames\20210413\clip_41_1816\image_0092.jpg,4,20.516516,65.02465
20210413,C:\junha\Datasets\LTDv2\frames\frames\20210413\clip_41_1816\image_0093.jpg,4,20.290668,64.78635
20210413,C:\junha\Datasets\LTDv2\frames\frames\20210413\clip_41_1816\image_0094.jpg,4,19.477308,64.47058
20210413,C:\junha\Datasets\LTDv2\frames\frames\20210413\clip_41_1816\image_0095.jpg,4,19.353462,64.04818
20210413,C:\junha\Datasets\LTDv2\frames\frames\20210413\clip_41_1816\image_0096.jpg,4,19.719547,64.610016
20210413,C:\junha\Datasets\LTDv2\frames\frames\20210413\clip_41_1816\image_0097.jpg,4,19.59481,64.48457
20210413,C:\junha\Datasets\LTDv2\frames\frames\20210413\clip_41_1816\image_0098.jpg,4,16.76343,63.0698
20210413,C:\junha\Datasets\LTDv2\frames\frames\20210413\clip_41_1816\image_0099.jpg,4,14.955531,68.53775
20210413,C:\junha\Datasets\LTDv2\frames\frames\20210413\clip_41_1816\image_0100.jpg,4,14.676187,63.127365
20210413,C:\junha\Datasets\LTDv2\frames\frames\20210413\clip_41_1816\image_0101.jpg,4,14.7678,63.432293
20210413,C:\junha\Datasets\LTDv2\frames\frames\20210413\clip_41_1816\image_0102.jpg,4,14.449386,63.68849
20210413,C:\junha\Datasets\LTDv2\frames\frames\20210413\clip_41_1816\image_0103.jpg,4,14.295138,63.873188
20210413,C:\junha\Datasets\LTDv2\frames\frames\20210413\clip_41_1816\image_0104.jpg,4,14.149468,63.71868
20210413,C:\junha\Datasets\LTDv2\frames\frames\20210413\clip_41_1816\image_0105.jpg,4,14.19934,63.92043
20210413,C:\junha\Datasets\LTDv2\frames\frames\20210413\clip_41_1816\image_0106.jpg,4,13.957576,62.760265
20210413,C:\junha\Datasets\LTDv2\frames\frames\20210413\clip_41_1816\image_0107.jpg,4,13.976694,62.900105
20210413,C:\junha\Datasets\LTDv2\frames\frames\20210413\clip_41_1816\image_0108.jpg,4,14.423462,65.59725
20210413,C:\junha\Datasets\LTDv2\frames\frames\20210413\clip_41_1816\image_0109.jpg,4,14.438689,65.335434
20210413,C:\junha\Datasets\LTDv2\frames\frames\20210413\clip_41_1816\image_0110.jpg,4,14.535161,65.40506
20210413,C:\junha\Datasets\LTDv2\frames\frames\20210413\clip_41_1816\image_0111.jpg,4,14.900015,66.00035
20210413,C:\junha\Datasets\LTDv2\frames\frames\20210413\clip_41_1816\image_0112.jpg,4,14.68313,64.95362
20210413,C:\junha\Datasets\LTDv2\frames\frames\20210413\clip_41_1816\image_0113.jpg,4,14.816722,64.704865
20210413,C:\junha\Datasets\LTDv2\frames\frames\20210413\clip_41_1816\image_0114.jpg,4,15.847351,63.777092
20210413,C:\junha\Datasets\LTDv2\frames\frames\20210413\clip_41_1816\image_0115.jpg,4,15.628897,63.911823
20210413,C:\junha\Datasets\LTDv2\frames\frames\20210413\clip_41_1816\image_0116.jpg,4,15.605576,64.19153
20210413,C:\junha\Datasets\LTDv2\frames\frames\20210413\clip_41_1816\image_0117.jpg,4,16.559343,64.41338
20210413,C:\junha\Datasets\LTDv2\frames\frames\20210413\clip_41_1816\image_0118.jpg,4,15.7833,66.118805
20210413,C:\junha\Datasets\LTDv2\frames\frames\20210413\clip_41_1816\image_0119.jpg,4,16.65309,70.02883
20210413,C:\junha\Datasets\LTDv2\frames\frames\20210413\clip_42_1844\image_0000.jpg,4,24.871586,50.934406
20210413,C:\junha\Datasets\LTDv2\frames\frames\20210413\clip_42_1844\image_0001.jpg,4,32.573727,57.876938
20210413,C:\junha\Datasets\LTDv2\frames\frames\20210413\clip_42_1844\image_0002.jpg,4,32.614243,57.832535
20210413,C:\junha\Datasets\LTDv2\frames\frames\20210413\clip_42_1844\image_0003.jpg,4,32.36316,57.852028
20210413,C:\junha\Datasets\LTDv2\frames\frames\20210413\clip_42_1844\image_0004.jpg,4,32.38622,57.81663
20210413,C:\junha\Datasets\LTDv2\frames\frames\20210413\clip_42_1844\image_0005.jpg,4,32.447666,57.55545
20210413,C:\junha\Datasets\LTDv2\frames\frames\20210413\clip_42_1844\image_0006.jpg,0,32.485474,56.652073
20210413,C:\junha\Datasets\LTDv2\frames\frames\20210413\clip_42_1844\image_0007.jpg,4,32.233047,56.413105
20210413,C:\junha\Datasets\LTDv2\frames\frames\20210413\clip_42_1844\image_0008.jpg,4,32.214603,56.388218
20210413,C:\junha\Datasets\LTDv2\frames\frames\20210413\clip_42_1844\image_0009.jpg,4,31.63353,58.758926
20210413,C:\junha\Datasets\LTDv2\frames\frames\20210413\clip_42_1844\image_0010.jpg,4,31.608334,58.835335
20210413,C:\junha\Datasets\LTDv2\frames\frames\20210413\clip_42_1844\image_0011.jpg,4,23.798529,55.75302
20210413,C:\junha\Datasets\LTDv2\frames\frames\20210413\clip_42_1844\image_0012.jpg,4,23.786339,55.70636
20210413,C:\junha\Datasets\LTDv2\frames\frames\20210413\clip_42_1844\image_0013.jpg,4,24.093071,55.779102
20210413,C:\junha\Datasets\LTDv2\frames\frames\20210413\clip_42_1844\image_0014.jpg,4,24.48974,56.005116
20210413,C:\junha\Datasets\LTDv2\frames\frames\20210413\clip_42_1844\image_0015.jpg,4,29.18139,56.14956
20210413,C:\junha\Datasets\LTDv2\frames\frames\20210413\clip_42_1844\image_0016.jpg,4,29.160076,56.57467
20210413,C:\junha\Datasets\LTDv2\frames\frames\20210413\clip_42_1844\image_0017.jpg,4,28.91445,56.85696
20210413,C:\junha\Datasets\LTDv2\frames\frames\20210413\clip_42_1844\image_0018.jpg,0,29.189644,56.40833
20210413,C:\junha\Datasets\LTDv2\frames\frames\20210413\clip_42_1844\image_0019.jpg,4,28.046427,56.358032
20210413,C:\junha\Datasets\LTDv2\frames\frames\20210413\clip_42_1844\image_0020.jpg,4,28.036861,56.36107
20210413,C:\junha\Datasets\LTDv2\frames\frames\20210413\clip_42_1844\image_0021.jpg,4,28.486115,55.802303
20210413,C:\junha\Datasets\LTDv2\frames\frames\20210413\clip_42_1844\image_0022.jpg,0,29.188065,55.12584
20210413,C:\junha\Datasets\LTDv2\frames\frames\20210413\clip_42_1844\image_0023.jpg,0,28.340157,52.752422
20210413,C:\junha\Datasets\LTDv2\frames\frames\20210413\clip_42_1844\image_0024.jpg,4,28.08748,53.286034
20210413,C:\junha\Datasets\LTDv2\frames\frames\20210413\clip_42_1844\image_0025.jpg,4,27.857758,53.287754
20210413,C:\junha\Datasets\LTDv2\frames\frames\20210413\clip_42_1844\image_0026.jpg,4,28.48965,54.05147
20210413,C:\junha\Datasets\LTDv2\frames\frames\20210413\clip_42_1844\image_0027.jpg,4,30.728262,55.669
20210413,C:\junha\Datasets\LTDv2\frames\frames\20210413\clip_42_1844\image_0028.jpg,0,30.615025,55.593586
20210413,C:\junha\Datasets\LTDv2\frames\frames\20210413\clip_42_1844\image_0029.jpg,4,25.955208,54.67054
20210413,C:\junha\Datasets\LTDv2\frames\frames\20210413\clip_42_1844\image_0030.jpg,4,26.027792,54.894398
20210413,C:\junha\Datasets\LTDv2\frames\frames\20210413\clip_42_1844\image_0031.jpg,4,26.173252,54.910927
20210413,C:\junha\Datasets\LTDv2\frames\frames\20210413\clip_42_1844\image_0032.jpg,4,25.296371,54.494297
20210413,C:\junha\Datasets\LTDv2\frames\frames\20210413\clip_42_1844\image_0033.jpg,4,25.746916,54.27974
20210413,C:\junha\Datasets\LTDv2\frames\frames\20210413\clip_42_1844\image_0034.jpg,4,25.642693,53.788475
20210413,C:\junha\Datasets\LTDv2\frames\frames\20210413\clip_42_1844\image_0035.jpg,4,24.040234,53.99744
20210413,C:\junha\Datasets\LTDv2\frames\frames\20210413\clip_42_1844\image_0036.jpg,4,24.14564,53.872093
20210413,C:\junha\Datasets\LTDv2\frames\frames\20210413\clip_42_1844\image_0037.jpg,4,24.668646,53.50409
20210413,C:\junha\Datasets\LTDv2\frames\frames\20210413\clip_42_1844\image_0038.jpg,4,23.541716,51.240036
20210413,C:\junha\Datasets\LTDv2\frames\frames\20210413\clip_42_1844\image_0039.jpg,4,23.459253,50.335712
20210413,C:\junha\Datasets\LTDv2\frames\frames\20210413\clip_42_1844\image_0040.jpg,4,23.35945,50.149586
20210413,C:\junha\Datasets\LTDv2\frames\frames\20210413\clip_42_1844\image_0041.jpg,4,23.71787,49.825443
20210413,C:\junha\Datasets\LTDv2\frames\frames\20210413\clip_42_1844\image_0042.jpg,0,26.932394,47.291924
20210413,C:\junha\Datasets\LTDv2\frames\frames\20210413\clip_42_1844\image_0043.jpg,0,26.408283,47.838276
20210413,C:\junha\Datasets\LTDv2\frames\frames\20210413\clip_42_1844\image_0044.jpg,0,27.026888,46.99104
20210413,C:\junha\Datasets\LTDv2\frames\frames\20210413\clip_42_1844\image_0045.jpg,0,27.266254,46.710484
20210413,C:\junha\Datasets\LTDv2\frames\frames\20210413\clip_42_1844\image_0046.jpg,0,27.237183,46.826027
20210413,C:\junha\Datasets\LTDv2\frames\frames\20210413\clip_42_1844\image_0047.jpg,0,27.04222,47.03675
20210413,C:\junha\Datasets\LTDv2\frames\frames\20210413\clip_42_1844\image_0048.jpg,0,27.158802,47.06164
20210413,C:\junha\Datasets\LTDv2\frames\frames\20210413\clip_42_1844\image_0049.jpg,4,25.38926,57.534367
20210413,C:\junha\Datasets\LTDv2\frames\frames\20210413\clip_42_1844\image_0050.jpg,0,27.91885,51.874996
20210413,C:\junha\Datasets\LTDv2\frames\frames\20210413\clip_42_1844\image_0051.jpg,0,28.364172,52.44922
20210413,C:\junha\Datasets\LTDv2\frames\frames\20210413\clip_42_1844\image_0052.jpg,0,28.51084,52.355976
20210413,C:\junha\Datasets\LTDv2\frames\frames\20210413\clip_42_1844\image_0053.jpg,4,29.605732,54.723675
20210413,C:\junha\Datasets\LTDv2\frames\frames\20210413\clip_42_1844\image_0054.jpg,4,29.396591,54.30863
20210413,C:\junha\Datasets\LTDv2\frames\frames\20210413\clip_42_1844\image_0055.jpg,4,28.63008,54.01895
20210413,C:\junha\Datasets\LTDv2\frames\frames\20210413\clip_42_1844\image_0056.jpg,4,25.168526,51.916798
20210413,C:\junha\Datasets\LTDv2\frames\frames\20210413\clip_42_1844\image_0057.jpg,0,26.352262,50.630672
20210413,C:\junha\Datasets\LTDv2\frames\frames\20210413\clip_42_1844\image_0058.jpg,4,26.320263,50.97116
20210413,C:\junha\Datasets\LTDv2\frames\frames\20210413\clip_42_1844\image_0059.jpg,4,25.626562,57.355957
20210413,C:\junha\Datasets\LTDv2\frames\frames\20210413\clip_42_1844\image_0060.jpg,4,26.357243,56.489975
20210413,C:\junha\Datasets\LTDv2\frames\frames\20210413\clip_42_1844\image_0061.jpg,4,26.194674,56.56616
20210413,C:\junha\Datasets\LTDv2\frames\frames\20210413\clip_42_1844\image_0062.jpg,4,26.8116,55.775513
20210413,C:\junha\Datasets\LTDv2\frames\frames\20210413\clip_42_1844\image_0063.jpg,4,26.53688,56.140728
20210413,C:\junha\Datasets\LTDv2\frames\frames\20210413\clip_42_1844\image_0064.jpg,4,26.951519,55.93118
20210413,C:\junha\Datasets\LTDv2\frames\frames\20210413\clip_42_1844\image_0065.jpg,4,26.703941,56.637577
20210413,C:\junha\Datasets\LTDv2\frames\frames\20210413\clip_42_1844\image_0066.jpg,4,27.65959,55.75255
20210413,C:\junha\Datasets\LTDv2\frames\frames\20210413\clip_42_1844\image_0067.jpg,4,27.83299,55.368805
20210413,C:\junha\Datasets\LTDv2\frames\frames\20210413\clip_42_1844\image_0068.jpg,4,27.811754,55.288307
20210413,C:\junha\Datasets\LTDv2\frames\frames\20210413\clip_42_1844\image_0069.jpg,0,29.457218,52.760944
20210413,C:\junha\Datasets\LTDv2\frames\frames\20210413\clip_42_1844\image_0070.jpg,4,24.393488,52.828983
20210413,C:\junha\Datasets\LTDv2\frames\frames\20210413\clip_42_1844\image_0071.jpg,4,23.61899,52.753296
20210413,C:\junha\Datasets\LTDv2\frames\frames\20210413\clip_42_1844\image_0072.jpg,4,24.118055,52.871284
20210413,C:\junha\Datasets\LTDv2\frames\frames\20210413\clip_42_1844\image_0073.jpg,4,30.23548,52.672173
20210413,C:\junha\Datasets\LTDv2\frames\frames\20210413\clip_42_1844\image_0074.jpg,4,30.561703,52.550156
20210413,C:\junha\Datasets\LTDv2\frames\frames\20210413\clip_42_1844\image_0075.jpg,4,30.526808,52.45051
20210413,C:\junha\Datasets\LTDv2\frames\frames\20210413\clip_42_1844\image_0076.jpg,0,30.857294,51.74852
20210413,C:\junha\Datasets\LTDv2\frames\frames\20210413\clip_42_1844\image_0077.jpg,4,30.765121,52.705704
20210413,C:\junha\Datasets\LTDv2\frames\frames\20210413\clip_42_1844\image_0078.jpg,4,30.50858,53.386486
20210413,C:\junha\Datasets\LTDv2\frames\frames\20210413\clip_42_1844\image_0079.jpg,4,30.150148,53.526627
20210413,C:\junha\Datasets\LTDv2\frames\frames\20210413\clip_42_1844\image_0080.jpg,4,22.614027,54.94487
20210413,C:\junha\Datasets\LTDv2\frames\frames\20210413\clip_42_1844\image_0081.jpg,4,22.540754,54.80841
20210413,C:\junha\Datasets\LTDv2\frames\frames\20210413\clip_42_1844\image_0082.jpg,4,22.476198,53.88395
20210413,C:\junha\Datasets\LTDv2\frames\frames\20210413\clip_42_1844\image_0083.jpg,4,28.807365,49.75444
20210413,C:\junha\Datasets\LTDv2\frames\frames\20210413\clip_42_1844\image_0084.jpg,4,29.74668,49.76251
20210413,C:\junha\Datasets\LTDv2\frames\frames\20210413\clip_42_1844\image_0085.jpg,0,29.751032,49.824055
20210413,C:\junha\Datasets\LTDv2\frames\frames\20210413\clip_42_1844\image_0086.jpg,4,22.656727,53.439163
20210413,C:\junha\Datasets\LTDv2\frames\frames\20210413\clip_42_1844\image_0087.jpg,4,29.55735,49.850365
20210413,C:\junha\Datasets\LTDv2\frames\frames\20210413\clip_42_1844\image_0088.jpg,4,29.178452,49.846268
20210413,C:\junha\Datasets\LTDv2\frames\frames\20210413\clip_42_1844\image_0089.jpg,4,22.693367,49.51175
20210413,C:\junha\Datasets\LTDv2\frames\frames\20210413\clip_42_1844\image_0090.jpg,0,29.943031,49.89
20210413,C:\junha\Datasets\LTDv2\frames\frames\20210413\clip_42_1844\image_0091.jpg,4,26.879335,52.70052
20210413,C:\junha\Datasets\LTDv2\frames\frames\20210413\clip_42_1844\image_0092.jpg,4,29.265385,53.593937
20210413,C:\junha\Datasets\LTDv2\frames\frames\20210413\clip_42_1844\image_0093.jpg,4,25.732853,52.61162
20210413,C:\junha\Datasets\LTDv2\frames\frames\20210413\clip_42_1844\image_0094.jpg,4,25.97266,52.83566
20210413,C:\junha\Datasets\LTDv2\frames\frames\20210413\clip_42_1844\image_0095.jpg,4,23.650753,52.377323
20210413,C:\junha\Datasets\LTDv2\frames\frames\20210413\clip_42_1844\image_0096.jpg,4,27.130741,50.166542
20210413,C:\junha\Datasets\LTDv2\frames\frames\20210413\clip_42_1844\image_0097.jpg,0,27.333319,50.02662
20210413,C:\junha\Datasets\LTDv2\frames\frames\20210413\clip_42_1844\image_0098.jpg,0,27.646786,48.356133
20210413,C:\junha\Datasets\LTDv2\frames\frames\20210413\clip_42_1844\image_0099.jpg,4,22.65365,49.631306
20210413,C:\junha\Datasets\LTDv2\frames\frames\20210413\clip_42_1844\image_0100.jpg,0,26.031631,49.287807
20210413,C:\junha\Datasets\LTDv2\frames\frames\20210413\clip_42_1844\image_0101.jpg,4,23.449892,49.4932
20210413,C:\junha\Datasets\LTDv2\frames\frames\20210413\clip_42_1844\image_0102.jpg,4,24.654068,49.544117
20210413,C:\junha\Datasets\LTDv2\frames\frames\20210413\clip_42_1844\image_0103.jpg,4,25.005182,49.432037
20210413,C:\junha\Datasets\LTDv2\frames\frames\20210413\clip_42_1844\image_0104.jpg,4,24.694206,49.94255
20210413,C:\junha\Datasets\LTDv2\frames\frames\20210413\clip_42_1844\image_0105.jpg,4,25.1055,50.410706
20210413,C:\junha\Datasets\LTDv2\frames\frames\20210413\clip_42_1844\image_0106.jpg,4,25.630173,50.96311
20210413,C:\junha\Datasets\LTDv2\frames\frames\20210413\clip_42_1844\image_0107.jpg,4,25.919361,50.07339
20210413,C:\junha\Datasets\LTDv2\frames\frames\20210413\clip_42_1844\image_0108.jpg,4,25.93808,49.944534
20210413,C:\junha\Datasets\LTDv2\frames\frames\20210413\clip_42_1844\image_0109.jpg,4,23.876871,49.121735
20210413,C:\junha\Datasets\LTDv2\frames\frames\20210413\clip_42_1844\image_0110.jpg,4,23.941038,49.167732
20210413,C:\junha\Datasets\LTDv2\frames\frames\20210413\clip_42_1844\image_0111.jpg,0,28.101282,47.510704
20210413,C:\junha\Datasets\LTDv2\frames\frames\20210413\clip_42_1844\image_0112.jpg,0,28.34193,47.602295
20210413,C:\junha\Datasets\LTDv2\frames\frames\20210413\clip_42_1844\image_0113.jpg,0,34.528435,47.46865
20210413,C:\junha\Datasets\LTDv2\frames\frames\20210413\clip_42_1844\image_0114.jpg,0,27.242983,50.89731
20210413,C:\junha\Datasets\LTDv2\frames\frames\20210413\clip_42_1844\image_0115.jpg,4,26.546892,52.606903
20210413,C:\junha\Datasets\LTDv2\frames\frames\20210413\clip_42_1844\image_0116.jpg,4,26.56816,52.766556
20210413,C:\junha\Datasets\LTDv2\frames\frames\20210413\clip_42_1844\image_0117.jpg,4,26.149355,53.549953
20210413,C:\junha\Datasets\LTDv2\frames\frames\20210413\clip_42_1844\image_0118.jpg,4,26.118963,53.859413
20210413,C:\junha\Datasets\LTDv2\frames\frames\20210413\clip_42_1844\image_0119.jpg,4,22.04043,55.918953
20210413,C:\junha\Datasets\LTDv2\frames\frames\20210413\clip_43_1912\image_0000.jpg,0,37.49593,55.989685
20210413,C:\junha\Datasets\LTDv2\frames\frames\20210413\clip_43_1912\image_0001.jpg,4,37.857624,56.59329
20210413,C:\junha\Datasets\LTDv2\frames\frames\20210413\clip_43_1912\image_0002.jpg,4,37.885426,56.89738
20210413,C:\junha\Datasets\LTDv2\frames\frames\20210413\clip_43_1912\image_0003.jpg,4,37.907986,56.789886
20210413,C:\junha\Datasets\LTDv2\frames\frames\20210413\clip_43_1912\image_0004.jpg,4,37.878265,57.082428
20210413,C:\junha\Datasets\LTDv2\frames\frames\20210413\clip_43_1912\image_0005.jpg,4,38.23141,57.412926
20210413,C:\junha\Datasets\LTDv2\frames\frames\20210413\clip_43_1912\image_0006.jpg,4,37.967068,57.40674
20210413,C:\junha\Datasets\LTDv2\frames\frames\20210413\clip_43_1912\image_0007.jpg,4,38.769623,56.685013
20210413,C:\junha\Datasets\LTDv2\frames\frames\20210413\clip_43_1912\image_0008.jpg,4,38.724247,56.70553
20210413,C:\junha\Datasets\LTDv2\frames\frames\20210413\clip_43_1912\image_0009.jpg,4,36.240376,59.873577
20210413,C:\junha\Datasets\LTDv2\frames\frames\20210413\clip_43_1912\image_0010.jpg,4,35.873768,60.073193
20210413,C:\junha\Datasets\LTDv2\frames\frames\20210413\clip_43_1912\image_0011.jpg,4,35.726738,58.514065
20210413,C:\junha\Datasets\LTDv2\frames\frames\20210413\clip_43_1912\image_0012.jpg,4,33.91688,53.89165
20210413,C:\junha\Datasets\LTDv2\frames\frames\20210413\clip_43_1912\image_0013.jpg,4,35.81012,58.342457
20210413,C:\junha\Datasets\LTDv2\frames\frames\20210413\clip_43_1912\image_0014.jpg,4,38.821392,57.491154
20210413,C:\junha\Datasets\LTDv2\frames\frames\20210413\clip_43_1912\image_0015.jpg,4,39.916428,57.897617
20210413,C:\junha\Datasets\LTDv2\frames\frames\20210413\clip_43_1912\image_0016.jpg,0,40.233463,57.887077
20210413,C:\junha\Datasets\LTDv2\frames\frames\20210413\clip_43_1912\image_0017.jpg,4,39.336792,58.288372
20210413,C:\junha\Datasets\LTDv2\frames\frames\20210413\clip_43_1912\image_0018.jpg,4,39.27312,58.298687
20210413,C:\junha\Datasets\LTDv2\frames\frames\20210413\clip_43_1912\image_0019.jpg,4,38.64028,58.59392
20210413,C:\junha\Datasets\LTDv2\frames\frames\20210413\clip_43_1912\image_0020.jpg,4,38.658424,58.474567
20210413,C:\junha\Datasets\LTDv2\frames\frames\20210413\clip_43_1912\image_0021.jpg,0,35.124744,52.223164
20210413,C:\junha\Datasets\LTDv2\frames\frames\20210413\clip_43_1912\image_0022.jpg,0,34.595108,52.158295
20210413,C:\junha\Datasets\LTDv2\frames\frames\20210413\clip_43_1912\image_0023.jpg,0,34.54856,51.90878
20210413,C:\junha\Datasets\LTDv2\frames\frames\20210413\clip_43_1912\image_0024.jpg,0,34.715652,52.466625
20210413,C:\junha\Datasets\LTDv2\frames\frames\20210413\clip_43_1912\image_0025.jpg,0,34.712616,51.720165
20210413,C:\junha\Datasets\LTDv2\frames\frames\20210413\clip_43_1912\image_0026.jpg,4,34.47635,51.4041
20210413,C:\junha\Datasets\LTDv2\frames\frames\20210413\clip_43_1912\image_0027.jpg,0,34.632496,52.35044
20210413,C:\junha\Datasets\LTDv2\frames\frames\20210413\clip_43_1912\image_0028.jpg,4,34.18973,53.4297
20210413,C:\junha\Datasets\LTDv2\frames\frames\20210413\clip_43_1912\image_0029.jpg,0,42.38737,53.877243
20210413,C:\junha\Datasets\LTDv2\frames\frames\20210413\clip_43_1912\image_0030.jpg,4,39.515553,55.475353
20210413,C:\junha\Datasets\LTDv2\frames\frames\20210413\clip_43_1912\image_0031.jpg,0,39.878307,54.606945
20210413,C:\junha\Datasets\LTDv2\frames\frames\20210413\clip_43_1912\image_0032.jpg,0,40.455006,54.064377
20210413,C:\junha\Datasets\LTDv2\frames\frames\20210413\clip_43_1912\image_0033.jpg,0,42.342396,54.59902
20210413,C:\junha\Datasets\LTDv2\frames\frames\20210413\clip_43_1912\image_0034.jpg,0,42.250275,54.650326
20210413,C:\junha\Datasets\LTDv2\frames\frames\20210413\clip_43_1912\image_0035.jpg,0,40.62301,50.644295
20210413,C:\junha\Datasets\LTDv2\frames\frames\20210413\clip_43_1912\image_0036.jpg,0,40.677723,50.675037
20210413,C:\junha\Datasets\LTDv2\frames\frames\20210413\clip_43_1912\image_0037.jpg,0,40.568913,50.481762
20210413,C:\junha\Datasets\LTDv2\frames\frames\20210413\clip_43_1912\image_0038.jpg,0,40.417374,50.270977
20210413,C:\junha\Datasets\LTDv2\frames\frames\20210413\clip_43_1912\image_0039.jpg,4,39.61821,55.06199
20210413,C:\junha\Datasets\LTDv2\frames\frames\20210413\clip_43_1912\image_0040.jpg,0,39.857258,54.14203
20210413,C:\junha\Datasets\LTDv2\frames\frames\20210413\clip_43_1912\image_0041.jpg,0,39.318333,51.36206
20210413,C:\junha\Datasets\LTDv2\frames\frames\20210413\clip_43_1912\image_0042.jpg,0,39.450974,51.772778
20210413,C:\junha\Datasets\LTDv2\frames\frames\20210413\clip_43_1912\image_0043.jpg,0,38.647434,52.849373
20210413,C:\junha\Datasets\LTDv2\frames\frames\20210413\clip_43_1912\image_0044.jpg,4,38.492443,53.929684
20210413,C:\junha\Datasets\LTDv2\frames\frames\20210413\clip_43_1912\image_0045.jpg,0,41.104336,53.078518
20210413,C:\junha\Datasets\LTDv2\frames\frames\20210413\clip_43_1912\image_0046.jpg,0,40.06281,53.01955
20210413,C:\junha\Datasets\LTDv2\frames\frames\20210413\clip_43_1912\image_0047.jpg,0,39.964817,52.034756
20210413,C:\junha\Datasets\LTDv2\frames\frames\20210413\clip_43_1912\image_0048.jpg,0,40.069103,52.07978
20210413,C:\junha\Datasets\LTDv2\frames\frames\20210413\clip_43_1912\image_0049.jpg,4,38.553623,54.85193
20210413,C:\junha\Datasets\LTDv2\frames\frames\20210413\clip_43_1912\image_0050.jpg,4,38.68917,55.04777
20210413,C:\junha\Datasets\LTDv2\frames\frames\20210413\clip_43_1912\image_0051.jpg,0,38.900806,53.073414
20210413,C:\junha\Datasets\LTDv2\frames\frames\20210413\clip_43_1912\image_0052.jpg,0,39.500477,53.045486
20210413,C:\junha\Datasets\LTDv2\frames\frames\20210413\clip_43_1912\image_0053.jpg,0,39.228504,52.879623
20210413,C:\junha\Datasets\LTDv2\frames\frames\20210413\clip_43_1912\image_0054.jpg,0,39.32786,52.80346
20210413,C:\junha\Datasets\LTDv2\frames\frames\20210413\clip_43_1912\image_0055.jpg,0,39.406704,52.50851
20210413,C:\junha\Datasets\LTDv2\frames\frames\20210413\clip_43_1912\image_0056.jpg,0,39.531765,52.542587
20210413,C:\junha\Datasets\LTDv2\frames\frames\20210413\clip_43_1912\image_0057.jpg,0,40.72132,52.4422
20210413,C:\junha\Datasets\LTDv2\frames\frames\20210413\clip_43_1912\image_0058.jpg,0,41.17973,52.867203
20210413,C:\junha\Datasets\LTDv2\frames\frames\20210413\clip_43_1912\image_0059.jpg,0,38.089977,51.986073
20210413,C:\junha\Datasets\LTDv2\frames\frames\20210413\clip_43_1912\image_0060.jpg,0,37.631725,51.744556
20210413,C:\junha\Datasets\LTDv2\frames\frames\20210413\clip_43_1912\image_0061.jpg,0,36.636944,51.16082
20210413,C:\junha\Datasets\LTDv2\frames\frames\20210413\clip_43_1912\image_0062.jpg,4,36.568733,51.206097
20210413,C:\junha\Datasets\LTDv2\frames\frames\20210413\clip_43_1912\image_0063.jpg,0,35.953674,50.280083
20210413,C:\junha\Datasets\LTDv2\frames\frames\20210413\clip_43_1912\image_0064.jpg,0,35.932194,50.076694
20210413,C:\junha\Datasets\LTDv2\frames\frames\20210413\clip_43_1912\image_0065.jpg,0,35.621494,49.74499
20210413,C:\junha\Datasets\LTDv2\frames\frames\20210413\clip_43_1912\image_0066.jpg,0,35.989872,49.871662
20210413,C:\junha\Datasets\LTDv2\frames\frames\20210413\clip_43_1912\image_0067.jpg,0,35.67821,49.380966
20210413,C:\junha\Datasets\LTDv2\frames\frames\20210413\clip_43_1912\image_0068.jpg,4,36.764492,49.40716
20210413,C:\junha\Datasets\LTDv2\frames\frames\20210413\clip_43_1912\image_0069.jpg,0,35.704548,47.102436
20210413,C:\junha\Datasets\LTDv2\frames\frames\20210413\clip_43_1912\image_0070.jpg,0,36.64985,46.80498
20210413,C:\junha\Datasets\LTDv2\frames\frames\20210413\clip_43_1912\image_0071.jpg,0,37.685375,46.7623
20210413,C:\junha\Datasets\LTDv2\frames\frames\20210413\clip_43_1912\image_0072.jpg,0,37.06423,49.26002
20210413,C:\junha\Datasets\LTDv2\frames\frames\20210413\clip_43_1912\image_0073.jpg,0,36.051323,47.92959
20210413,C:\junha\Datasets\LTDv2\frames\frames\20210413\clip_43_1912\image_0074.jpg,0,36.20091,47.958748
20210413,C:\junha\Datasets\LTDv2\frames\frames\20210413\clip_43_1912\image_0075.jpg,0,37.749622,47.29444
20210413,C:\junha\Datasets\LTDv2\frames\frames\20210413\clip_43_1912\image_0076.jpg,0,37.56604,48.07722
20210413,C:\junha\Datasets\LTDv2\frames\frames\20210413\clip_43_1912\image_0077.jpg,0,37.993,46.89892
20210413,C:\junha\Datasets\LTDv2\frames\frames\20210413\clip_43_1912\image_0078.jpg,0,37.919476,46.87591
20210413,C:\junha\Datasets\LTDv2\frames\frames\20210413\clip_43_1912\image_0079.jpg,0,38.658382,47.531197
20210413,C:\junha\Datasets\LTDv2\frames\frames\20210413\clip_43_1912\image_0080.jpg,0,38.657692,48.165855
20210413,C:\junha\Datasets\LTDv2\frames\frames\20210413\clip_43_1912\image_0081.jpg,4,38.70315,49.386814
20210413,C:\junha\Datasets\LTDv2\frames\frames\20210413\clip_43_1912\image_0082.jpg,0,38.63691,48.95253
20210413,C:\junha\Datasets\LTDv2\frames\frames\20210413\clip_43_1912\image_0083.jpg,0,38.586227,48.58483
20210413,C:\junha\Datasets\LTDv2\frames\frames\20210413\clip_43_1912\image_0084.jpg,0,39.6424,48.84737
20210413,C:\junha\Datasets\LTDv2\frames\frames\20210413\clip_43_1912\image_0085.jpg,0,37.750774,53.226295
20210413,C:\junha\Datasets\LTDv2\frames\frames\20210413\clip_43_1912\image_0086.jpg,0,40.197914,49.0082
20210413,C:\junha\Datasets\LTDv2\frames\frames\20210413\clip_43_1912\image_0087.jpg,0,40.174,48.935944
20210413,C:\junha\Datasets\LTDv2\frames\frames\20210413\clip_43_1912\image_0088.jpg,0,37.620445,53.384075
20210413,C:\junha\Datasets\LTDv2\frames\frames\20210413\clip_43_1912\image_0089.jpg,4,37.348713,54.355972
20210413,C:\junha\Datasets\LTDv2\frames\frames\20210413\clip_43_1912\image_0090.jpg,4,37.307285,54.089417
20210413,C:\junha\Datasets\LTDv2\frames\frames\20210413\clip_43_1912\image_0091.jpg,0,42.285393,51.948895
20210413,C:\junha\Datasets\LTDv2\frames\frames\20210413\clip_43_1912\image_0092.jpg,0,41.519733,52.079674
20210413,C:\junha\Datasets\LTDv2\frames\frames\20210413\clip_43_1912\image_0093.jpg,0,37.95111,52.859146
20210413,C:\junha\Datasets\LTDv2\frames\frames\20210413\clip_43_1912\image_0094.jpg,0,41.933987,52.072857
20210413,C:\junha\Datasets\LTDv2\frames\frames\20210413\clip_43_1912\image_0095.jpg,0,37.20171,53.50164
20210413,C:\junha\Datasets\LTDv2\frames\frames\20210413\clip_43_1912\image_0096.jpg,0,37.2532,53.37978
20210413,C:\junha\Datasets\LTDv2\frames\frames\20210413\clip_43_1912\image_0097.jpg,0,42.17764,51.11649
20210413,C:\junha\Datasets\LTDv2\frames\frames\20210413\clip_43_1912\image_0098.jpg,0,42.496494,51.49624
20210413,C:\junha\Datasets\LTDv2\frames\frames\20210413\clip_43_1912\image_0099.jpg,4,35.9752,54.81492
20210413,C:\junha\Datasets\LTDv2\frames\frames\20210413\clip_43_1912\image_0100.jpg,4,36.674706,54.93888
20210413,C:\junha\Datasets\LTDv2\frames\frames\20210413\clip_43_1912\image_0101.jpg,0,36.716328,54.18683
20210413,C:\junha\Datasets\LTDv2\frames\frames\20210413\clip_43_1912\image_0102.jpg,4,36.484116,54.516327
20210413,C:\junha\Datasets\LTDv2\frames\frames\20210413\clip_43_1912\image_0103.jpg,0,41.99751,56.398743
20210413,C:\junha\Datasets\LTDv2\frames\frames\20210413\clip_43_1912\image_0104.jpg,0,41.884266,56.44358
20210413,C:\junha\Datasets\LTDv2\frames\frames\20210413\clip_43_1912\image_0105.jpg,0,42.62466,56.07852
20210413,C:\junha\Datasets\LTDv2\frames\frames\20210413\clip_43_1912\image_0106.jpg,0,42.78682,56.098114
20210413,C:\junha\Datasets\LTDv2\frames\frames\20210413\clip_43_1912\image_0107.jpg,0,42.626373,55.780376
20210413,C:\junha\Datasets\LTDv2\frames\frames\20210413\clip_43_1912\image_0108.jpg,0,42.552742,55.942116
20210413,C:\junha\Datasets\LTDv2\frames\frames\20210413\clip_43_1912\image_0109.jpg,0,41.58295,55.289825
20210413,C:\junha\Datasets\LTDv2\frames\frames\20210413\clip_43_1912\image_0110.jpg,4,40.12236,57.30698
20210413,C:\junha\Datasets\LTDv2\frames\frames\20210413\clip_43_1912\image_0111.jpg,4,39.858818,56.67311
20210413,C:\junha\Datasets\LTDv2\frames\frames\20210413\clip_43_1912\image_0112.jpg,0,40.3305,56.22839
20210413,C:\junha\Datasets\LTDv2\frames\frames\20210413\clip_43_1912\image_0113.jpg,4,40.498745,57.233704
20210413,C:\junha\Datasets\LTDv2\frames\frames\20210413\clip_43_1912\image_0114.jpg,0,41.271847,57.05168
20210413,C:\junha\Datasets\LTDv2\frames\frames\20210413\clip_43_1912\image_0115.jpg,0,41.33368,56.85832
20210413,C:\junha\Datasets\LTDv2\frames\frames\20210413\clip_43_1912\image_0116.jpg,4,36.83878,58.62113
20210413,C:\junha\Datasets\LTDv2\frames\frames\20210413\clip_43_1912\image_0117.jpg,4,36.90404,58.665543
20210413,C:\junha\Datasets\LTDv2\frames\frames\20210413\clip_43_1912\image_0118.jpg,4,36.62807,58.56948
20210413,C:\junha\Datasets\LTDv2\frames\frames\20210413\clip_43_1912\image_0119.jpg,4,35.162018,60.469906
20210413,C:\junha\Datasets\LTDv2\frames\frames\20210413\clip_44_1940\image_0000.jpg,0,50.985226,43.51645
20210413,C:\junha\Datasets\LTDv2\frames\frames\20210413\clip_44_1940\image_0001.jpg,0,51.560165,42.143578
20210413,C:\junha\Datasets\LTDv2\frames\frames\20210413\clip_44_1940\image_0002.jpg,0,51.480156,42.287914
20210413,C:\junha\Datasets\LTDv2\frames\frames\20210413\clip_44_1940\image_0003.jpg,0,40.509377,41.310104
20210413,C:\junha\Datasets\LTDv2\frames\frames\20210413\clip_44_1940\image_0004.jpg,0,40.568783,41.3372
20210413,C:\junha\Datasets\LTDv2\frames\frames\20210413\clip_44_1940\image_0005.jpg,0,50.024147,42.24428
20210413,C:\junha\Datasets\LTDv2\frames\frames\20210413\clip_44_1940\image_0006.jpg,0,51.347645,40.506763
20210413,C:\junha\Datasets\LTDv2\frames\frames\20210413\clip_44_1940\image_0007.jpg,0,50.11989,40.703384
20210413,C:\junha\Datasets\LTDv2\frames\frames\20210413\clip_44_1940\image_0008.jpg,0,50.749786,40.77808
20210413,C:\junha\Datasets\LTDv2\frames\frames\20210413\clip_44_1940\image_0009.jpg,0,42.92362,45.582775
20210413,C:\junha\Datasets\LTDv2\frames\frames\20210413\clip_44_1940\image_0010.jpg,0,43.822624,46.409443
20210413,C:\junha\Datasets\LTDv2\frames\frames\20210413\clip_44_1940\image_0011.jpg,0,43.69811,46.315205
20210413,C:\junha\Datasets\LTDv2\frames\frames\20210413\clip_44_1940\image_0012.jpg,0,43.087654,43.892735
20210413,C:\junha\Datasets\LTDv2\frames\frames\20210413\clip_44_1940\image_0013.jpg,0,42.882256,44.317883
20210413,C:\junha\Datasets\LTDv2\frames\frames\20210413\clip_44_1940\image_0014.jpg,0,54.090023,39.882248
20210413,C:\junha\Datasets\LTDv2\frames\frames\20210413\clip_44_1940\image_0015.jpg,0,55.700413,40.215405
20210413,C:\junha\Datasets\LTDv2\frames\frames\20210413\clip_44_1940\image_0016.jpg,0,55.921684,37.33764
20210413,C:\junha\Datasets\LTDv2\frames\frames\20210413\clip_44_1940\image_0017.jpg,0,46.28822,41.021378
20210413,C:\junha\Datasets\LTDv2\frames\frames\20210413\clip_44_1940\image_0018.jpg,0,55.932457,37.37885
20210413,C:\junha\Datasets\LTDv2\frames\frames\20210413\clip_44_1940\image_0019.jpg,0,40.701805,44.486755
20210413,C:\junha\Datasets\LTDv2\frames\frames\20210413\clip_44_1940\image_0020.jpg,0,43.192825,45.881325
20210413,C:\junha\Datasets\LTDv2\frames\frames\20210413\clip_44_1940\image_0021.jpg,0,42.97685,45.826912
20210413,C:\junha\Datasets\LTDv2\frames\frames\20210413\clip_44_1940\image_0022.jpg,0,43.158348,45.73951
20210413,C:\junha\Datasets\LTDv2\frames\frames\20210413\clip_44_1940\image_0023.jpg,0,43.340927,45.632904
20210413,C:\junha\Datasets\LTDv2\frames\frames\20210413\clip_44_1940\image_0024.jpg,0,43.26428,47.211826
20210413,C:\junha\Datasets\LTDv2\frames\frames\20210413\clip_44_1940\image_0025.jpg,0,43.33873,47.2872
20210413,C:\junha\Datasets\LTDv2\frames\frames\20210413\clip_44_1940\image_0026.jpg,0,43.86358,44.34484
20210413,C:\junha\Datasets\LTDv2\frames\frames\20210413\clip_44_1940\image_0027.jpg,0,42.980568,46.624023
20210413,C:\junha\Datasets\LTDv2\frames\frames\20210413\clip_44_1940\image_0028.jpg,0,46.10884,41.77783
20210413,C:\junha\Datasets\LTDv2\frames\frames\20210413\clip_44_1940\image_0029.jpg,0,44.093666,47.824768
20210413,C:\junha\Datasets\LTDv2\frames\frames\20210413\clip_44_1940\image_0030.jpg,0,44.124626,47.777706
20210413,C:\junha\Datasets\LTDv2\frames\frames\20210413\clip_44_1940\image_0031.jpg,0,45.7066,46.61319
20210413,C:\junha\Datasets\LTDv2\frames\frames\20210413\clip_44_1940\image_0032.jpg,0,47.66792,42.967567
20210413,C:\junha\Datasets\LTDv2\frames\frames\20210413\clip_44_1940\image_0033.jpg,0,47.84025,42.72296
20210413,C:\junha\Datasets\LTDv2\frames\frames\20210413\clip_44_1940\image_0034.jpg,0,48.012993,42.417107
20210413,C:\junha\Datasets\LTDv2\frames\frames\20210413\clip_44_1940\image_0035.jpg,0,47.696712,42.82595
20210413,C:\junha\Datasets\LTDv2\frames\frames\20210413\clip_44_1940\image_0036.jpg,0,45.952576,42.22202
20210413,C:\junha\Datasets\LTDv2\frames\frames\20210413\clip_44_1940\image_0037.jpg,0,45.328613,41.519547
20210413,C:\junha\Datasets\LTDv2\frames\frames\20210413\clip_44_1940\image_0038.jpg,0,45.567993,40.967724
20210413,C:\junha\Datasets\LTDv2\frames\frames\20210413\clip_44_1940\image_0039.jpg,0,45.049458,41.726196
20210413,C:\junha\Datasets\LTDv2\frames\frames\20210413\clip_44_1940\image_0040.jpg,0,44.86535,42.165028
20210413,C:\junha\Datasets\LTDv2\frames\frames\20210413\clip_44_1940\image_0041.jpg,0,45.16109,44.08167
20210413,C:\junha\Datasets\LTDv2\frames\frames\20210413\clip_44_1940\image_0042.jpg,0,44.683422,44.84506
20210413,C:\junha\Datasets\LTDv2\frames\frames\20210413\clip_44_1940\image_0043.jpg,0,45.158367,45.334953
20210413,C:\junha\Datasets\LTDv2\frames\frames\20210413\clip_44_1940\image_0044.jpg,0,46.59439,45.75163
20210413,C:\junha\Datasets\LTDv2\frames\frames\20210413\clip_44_1940\image_0045.jpg,0,46.347237,45.72303
20210413,C:\junha\Datasets\LTDv2\frames\frames\20210413\clip_44_1940\image_0046.jpg,0,47.056152,42.91725
20210413,C:\junha\Datasets\LTDv2\frames\frames\20210413\clip_44_1940\image_0047.jpg,0,46.86596,42.586
20210413,C:\junha\Datasets\LTDv2\frames\frames\20210413\clip_44_1940\image_0048.jpg,0,43.611954,41.04164
20210413,C:\junha\Datasets\LTDv2\frames\frames\20210413\clip_44_1940\image_0049.jpg,0,43.533722,41.065018
20210413,C:\junha\Datasets\LTDv2\frames\frames\20210413\clip_44_1940\image_0050.jpg,0,43.667747,41.039223
20210413,C:\junha\Datasets\LTDv2\frames\frames\20210413\clip_44_1940\image_0051.jpg,0,44.75423,40.863186
20210413,C:\junha\Datasets\LTDv2\frames\frames\20210413\clip_44_1940\image_0052.jpg,0,44.797333,41.690712
20210413,C:\junha\Datasets\LTDv2\frames\frames\20210413\clip_44_1940\image_0053.jpg,0,45.045956,44.68893
20210413,C:\junha\Datasets\LTDv2\frames\frames\20210413\clip_44_1940\image_0054.jpg,0,46.119583,44.79475
20210413,C:\junha\Datasets\LTDv2\frames\frames\20210413\clip_44_1940\image_0055.jpg,0,46.37649,44.726147
20210413,C:\junha\Datasets\LTDv2\frames\frames\20210413\clip_44_1940\image_0056.jpg,0,48.04553,41.098633
20210413,C:\junha\Datasets\LTDv2\frames\frames\20210413\clip_44_1940\image_0057.jpg,0,47.571144,43.772587
20210413,C:\junha\Datasets\LTDv2\frames\frames\20210413\clip_44_1940\image_0058.jpg,0,48.077778,41.09752
20210413,C:\junha\Datasets\LTDv2\frames\frames\20210413\clip_44_1940\image_0059.jpg,0,44.599037,41.744545
20210413,C:\junha\Datasets\LTDv2\frames\frames\20210413\clip_44_1940\image_0060.jpg,0,43.076458,42.630898
20210413,C:\junha\Datasets\LTDv2\frames\frames\20210413\clip_44_1940\image_0061.jpg,0,43.796078,45.247852
20210413,C:\junha\Datasets\LTDv2\frames\frames\20210413\clip_44_1940\image_0062.jpg,0,47.590565,44.245777
20210413,C:\junha\Datasets\LTDv2\frames\frames\20210413\clip_44_1940\image_0063.jpg,0,47.882816,44.3118
20210413,C:\junha\Datasets\LTDv2\frames\frames\20210413\clip_44_1940\image_0064.jpg,0,44.959454,45.96454
20210413,C:\junha\Datasets\LTDv2\frames\frames\20210413\clip_44_1940\image_0065.jpg,0,44.857533,46.312122
20210413,C:\junha\Datasets\LTDv2\frames\frames\20210413\clip_44_1940\image_0066.jpg,0,44.864353,46.455345
20210413,C:\junha\Datasets\LTDv2\frames\frames\20210413\clip_44_1940\image_0067.jpg,0,44.90655,46.412865
20210413,C:\junha\Datasets\LTDv2\frames\frames\20210413\clip_44_1940\image_0068.jpg,0,49.379112,45.431973
20210413,C:\junha\Datasets\LTDv2\frames\frames\20210413\clip_44_1940\image_0069.jpg,0,49.448635,46.01171
20210413,C:\junha\Datasets\LTDv2\frames\frames\20210413\clip_44_1940\image_0070.jpg,0,49.600777,45.933395
20210413,C:\junha\Datasets\LTDv2\frames\frames\20210413\clip_44_1940\image_0071.jpg,0,49.74407,45.76042
20210413,C:\junha\Datasets\LTDv2\frames\frames\20210413\clip_44_1940\image_0072.jpg,0,53.710457,41.734768
20210413,C:\junha\Datasets\LTDv2\frames\frames\20210413\clip_44_1940\image_0073.jpg,0,53.665615,41.665504
20210413,C:\junha\Datasets\LTDv2\frames\frames\20210413\clip_44_1940\image_0074.jpg,0,43.244534,43.24969
20210413,C:\junha\Datasets\LTDv2\frames\frames\20210413\clip_44_1940\image_0075.jpg,0,53.148144,42.10426
20210413,C:\junha\Datasets\LTDv2\frames\frames\20210413\clip_44_1940\image_0076.jpg,0,55.110134,42.619526
20210413,C:\junha\Datasets\LTDv2\frames\frames\20210413\clip_44_1940\image_0077.jpg,0,55.297283,42.618584
20210413,C:\junha\Datasets\LTDv2\frames\frames\20210413\clip_44_1940\image_0078.jpg,0,55.275745,42.68366
20210413,C:\junha\Datasets\LTDv2\frames\frames\20210413\clip_44_1940\image_0079.jpg,0,51.985954,45.65455
20210413,C:\junha\Datasets\LTDv2\frames\frames\20210413\clip_44_1940\image_0080.jpg,0,51.971653,45.644104
20210413,C:\junha\Datasets\LTDv2\frames\frames\20210413\clip_44_1940\image_0081.jpg,0,57.102356,40.850765
20210413,C:\junha\Datasets\LTDv2\frames\frames\20210413\clip_44_1940\image_0082.jpg,0,58.095734,38.922688
20210413,C:\junha\Datasets\LTDv2\frames\frames\20210413\clip_44_1940\image_0083.jpg,0,58.14467,39.371048
20210413,C:\junha\Datasets\LTDv2\frames\frames\20210413\clip_44_1940\image_0084.jpg,0,57.47617,39.649796
20210413,C:\junha\Datasets\LTDv2\frames\frames\20210413\clip_44_1940\image_0085.jpg,0,57.853256,39.765438
20210413,C:\junha\Datasets\LTDv2\frames\frames\20210413\clip_44_1940\image_0086.jpg,0,55.767754,39.478836
20210413,C:\junha\Datasets\LTDv2\frames\frames\20210413\clip_44_1940\image_0087.jpg,0,55.182346,39.118942
20210413,C:\junha\Datasets\LTDv2\frames\frames\20210413\clip_44_1940\image_0088.jpg,0,54.91215,37.093487
20210413,C:\junha\Datasets\LTDv2\frames\frames\20210413\clip_44_1940\image_0089.jpg,0,54.65021,37.789787
20210413,C:\junha\Datasets\LTDv2\frames\frames\20210413\clip_44_1940\image_0090.jpg,0,53.71711,37.410614
20210413,C:\junha\Datasets\LTDv2\frames\frames\20210413\clip_44_1940\image_0091.jpg,0,53.64741,37.651707
20210413,C:\junha\Datasets\LTDv2\frames\frames\20210413\clip_44_1940\image_0092.jpg,0,53.58744,37.981953
20210413,C:\junha\Datasets\LTDv2\frames\frames\20210413\clip_44_1940\image_0093.jpg,0,50.00965,45.42896
20210413,C:\junha\Datasets\LTDv2\frames\frames\20210413\clip_44_1940\image_0094.jpg,0,49.885944,42.105045
20210413,C:\junha\Datasets\LTDv2\frames\frames\20210413\clip_44_1940\image_0095.jpg,0,51.3236,44.01993
20210413,C:\junha\Datasets\LTDv2\frames\frames\20210413\clip_44_1940\image_0096.jpg,0,51.51913,44.450138
20210413,C:\junha\Datasets\LTDv2\frames\frames\20210413\clip_44_1940\image_0097.jpg,0,57.46589,40.074997
20210413,C:\junha\Datasets\LTDv2\frames\frames\20210413\clip_44_1940\image_0098.jpg,8,57.869873,39.550484
20210413,C:\junha\Datasets\LTDv2\frames\frames\20210413\clip_44_1940\image_0099.jpg,0,57.323368,40.04537
20210413,C:\junha\Datasets\LTDv2\frames\frames\20210413\clip_44_1940\image_0100.jpg,0,56.800343,39.77601
20210413,C:\junha\Datasets\LTDv2\frames\frames\20210413\clip_44_1940\image_0101.jpg,0,56.458023,39.28891
20210413,C:\junha\Datasets\LTDv2\frames\frames\20210413\clip_44_1940\image_0102.jpg,0,54.821724,39.0313
20210413,C:\junha\Datasets\LTDv2\frames\frames\20210413\clip_44_1940\image_0103.jpg,0,55.09847,38.89819
20210413,C:\junha\Datasets\LTDv2\frames\frames\20210413\clip_44_1940\image_0104.jpg,0,54.652893,38.211273
20210413,C:\junha\Datasets\LTDv2\frames\frames\20210413\clip_44_1940\image_0105.jpg,0,54.78237,36.92043
20210413,C:\junha\Datasets\LTDv2\frames\frames\20210413\clip_44_1940\image_0106.jpg,0,54.78507,36.762955
20210413,C:\junha\Datasets\LTDv2\frames\frames\20210413\clip_44_1940\image_0107.jpg,0,54.92518,36.746384
20210413,C:\junha\Datasets\LTDv2\frames\frames\20210413\clip_44_1940\image_0108.jpg,0,52.040043,40.21622
20210413,C:\junha\Datasets\LTDv2\frames\frames\20210413\clip_44_1940\image_0109.jpg,0,50.586777,43.52221
20210413,C:\junha\Datasets\LTDv2\frames\frames\20210413\clip_44_1940\image_0110.jpg,0,50.34177,42.96535
20210413,C:\junha\Datasets\LTDv2\frames\frames\20210413\clip_44_1940\image_0111.jpg,0,51.33092,39.920242
20210413,C:\junha\Datasets\LTDv2\frames\frames\20210413\clip_44_1940\image_0112.jpg,0,51.651337,40.42936
20210413,C:\junha\Datasets\LTDv2\frames\frames\20210413\clip_44_1940\image_0113.jpg,0,57.890015,38.150658
20210413,C:\junha\Datasets\LTDv2\frames\frames\20210413\clip_44_1940\image_0114.jpg,0,58.102448,38.515533
20210413,C:\junha\Datasets\LTDv2\frames\frames\20210413\clip_44_1940\image_0115.jpg,0,57.734474,37.91832
20210413,C:\junha\Datasets\LTDv2\frames\frames\20210413\clip_44_1940\image_0116.jpg,0,57.891087,38.587772
20210413,C:\junha\Datasets\LTDv2\frames\frames\20210413\clip_44_1940\image_0117.jpg,0,55.99584,40.149017
20210413,C:\junha\Datasets\LTDv2\frames\frames\20210413\clip_44_1940\image_0118.jpg,0,57.81103,37.754528
20210413,C:\junha\Datasets\LTDv2\frames\frames\20210413\clip_44_1940\image_0119.jpg,0,40.589447,44.741703
20210413,C:\junha\Datasets\LTDv2\frames\frames\20210413\clip_45_2008\image_0000.jpg,0,50.024345,35.31252
20210413,C:\junha\Datasets\LTDv2\frames\frames\20210413\clip_45_2008\image_0001.jpg,0,50.135307,35.286865
20210413,C:\junha\Datasets\LTDv2\frames\frames\20210413\clip_45_2008\image_0002.jpg,0,50.322067,35.19572
20210413,C:\junha\Datasets\LTDv2\frames\frames\20210413\clip_45_2008\image_0003.jpg,0,47.882744,37.158024
20210413,C:\junha\Datasets\LTDv2\frames\frames\20210413\clip_45_2008\image_0004.jpg,0,47.86684,37.061512
20210413,C:\junha\Datasets\LTDv2\frames\frames\20210413\clip_45_2008\image_0005.jpg,0,47.635918,36.283745
20210413,C:\junha\Datasets\LTDv2\frames\frames\20210413\clip_45_2008\image_0006.jpg,0,47.461826,36.552525
20210413,C:\junha\Datasets\LTDv2\frames\frames\20210413\clip_45_2008\image_0007.jpg,0,50.296673,35.260933
20210413,C:\junha\Datasets\LTDv2\frames\frames\20210413\clip_45_2008\image_0008.jpg,0,50.447178,35.190807
20210413,C:\junha\Datasets\LTDv2\frames\frames\20210413\clip_45_2008\image_0009.jpg,0,47.42549,37.45566
20210413,C:\junha\Datasets\LTDv2\frames\frames\20210413\clip_45_2008\image_0010.jpg,0,51.71004,35.144485
20210413,C:\junha\Datasets\LTDv2\frames\frames\20210413\clip_45_2008\image_0011.jpg,0,52.274704,35.673313
20210413,C:\junha\Datasets\LTDv2\frames\frames\20210413\clip_45_2008\image_0012.jpg,0,52.4135,35.650555
20210413,C:\junha\Datasets\LTDv2\frames\frames\20210413\clip_45_2008\image_0013.jpg,0,51.918037,34.888245
20210413,C:\junha\Datasets\LTDv2\frames\frames\20210413\clip_45_2008\image_0014.jpg,0,51.97489,34.666264
20210413,C:\junha\Datasets\LTDv2\frames\frames\20210413\clip_45_2008\image_0015.jpg,0,53.860165,34.893074
20210413,C:\junha\Datasets\LTDv2\frames\frames\20210413\clip_45_2008\image_0016.jpg,0,52.58869,34.76547
20210413,C:\junha\Datasets\LTDv2\frames\frames\20210413\clip_45_2008\image_0017.jpg,0,55.81494,34.46586
20210413,C:\junha\Datasets\LTDv2\frames\frames\20210413\clip_45_2008\image_0018.jpg,8,55.913864,34.455708
20210413,C:\junha\Datasets\LTDv2\frames\frames\20210413\clip_45_2008\image_0019.jpg,0,49.696953,35.48748
20210413,C:\junha\Datasets\LTDv2\frames\frames\20210413\clip_45_2008\image_0020.jpg,0,51.23196,35.432495
20210413,C:\junha\Datasets\LTDv2\frames\frames\20210413\clip_45_2008\image_0021.jpg,0,50.97069,34.963314
20210413,C:\junha\Datasets\LTDv2\frames\frames\20210413\clip_45_2008\image_0022.jpg,0,51.43879,36.05482
20210413,C:\junha\Datasets\LTDv2\frames\frames\20210413\clip_45_2008\image_0023.jpg,0,51.485035,36.747353
20210413,C:\junha\Datasets\LTDv2\frames\frames\20210413\clip_45_2008\image_0024.jpg,0,51.00092,36.72138
20210413,C:\junha\Datasets\LTDv2\frames\frames\20210413\clip_45_2008\image_0025.jpg,0,50.539078,36.93934
20210413,C:\junha\Datasets\LTDv2\frames\frames\20210413\clip_45_2008\image_0026.jpg,0,49.87972,36.680363
20210413,C:\junha\Datasets\LTDv2\frames\frames\20210413\clip_45_2008\image_0027.jpg,0,47.779514,36.622807
20210413,C:\junha\Datasets\LTDv2\frames\frames\20210413\clip_45_2008\image_0028.jpg,0,48.713615,37.34967
20210413,C:\junha\Datasets\LTDv2\frames\frames\20210413\clip_45_2008\image_0029.jpg,0,45.976204,37.55214
20210413,C:\junha\Datasets\LTDv2\frames\frames\20210413\clip_45_2008\image_0030.jpg,0,46.1325,37.298557
20210413,C:\junha\Datasets\LTDv2\frames\frames\20210413\clip_45_2008\image_0031.jpg,0,46.687275,36.91558
20210413,C:\junha\Datasets\LTDv2\frames\frames\20210413\clip_45_2008\image_0032.jpg,0,46.659668,36.07623
20210413,C:\junha\Datasets\LTDv2\frames\frames\20210413\clip_45_2008\image_0033.jpg,0,46.684494,37.048824
20210413,C:\junha\Datasets\LTDv2\frames\frames\20210413\clip_45_2008\image_0034.jpg,0,46.423603,36.438084
20210413,C:\junha\Datasets\LTDv2\frames\frames\20210413\clip_45_2008\image_0035.jpg,0,46.525635,35.428425
20210413,C:\junha\Datasets\LTDv2\frames\frames\20210413\clip_45_2008\image_0036.jpg,0,46.483776,35.14834
20210413,C:\junha\Datasets\LTDv2\frames\frames\20210413\clip_45_2008\image_0037.jpg,0,46.51217,35.777702
20210413,C:\junha\Datasets\LTDv2\frames\frames\20210413\clip_45_2008\image_0038.jpg,0,46.245995,35.695526
20210413,C:\junha\Datasets\LTDv2\frames\frames\20210413\clip_45_2008\image_0039.jpg,0,44.662155,31.47068
20210413,C:\junha\Datasets\LTDv2\frames\frames\20210413\clip_45_2008\image_0040.jpg,0,44.602722,31.653328
20210413,C:\junha\Datasets\LTDv2\frames\frames\20210413\clip_45_2008\image_0041.jpg,0,38.417126,37.413574
20210413,C:\junha\Datasets\LTDv2\frames\frames\20210413\clip_45_2008\image_0042.jpg,0,51.40365,38.060673
20210413,C:\junha\Datasets\LTDv2\frames\frames\20210413\clip_45_2008\image_0043.jpg,0,50.103226,32.77853
20210413,C:\junha\Datasets\LTDv2\frames\frames\20210413\clip_45_2008\image_0044.jpg,0,50.05914,32.83816
20210413,C:\junha\Datasets\LTDv2\frames\frames\20210413\clip_45_2008\image_0045.jpg,0,50.276604,37.90927
20210413,C:\junha\Datasets\LTDv2\frames\frames\20210413\clip_45_2008\image_0046.jpg,0,50.339752,38.07126
20210413,C:\junha\Datasets\LTDv2\frames\frames\20210413\clip_45_2008\image_0047.jpg,0,49.61048,37.975964
20210413,C:\junha\Datasets\LTDv2\frames\frames\20210413\clip_45_2008\image_0048.jpg,0,50.249866,38.055904
20210413,C:\junha\Datasets\LTDv2\frames\frames\20210413\clip_45_2008\image_0049.jpg,0,51.40677,35.90247
20210413,C:\junha\Datasets\LTDv2\frames\frames\20210413\clip_45_2008\image_0050.jpg,0,48.95686,34.741833
20210413,C:\junha\Datasets\LTDv2\frames\frames\20210413\clip_45_2008\image_0051.jpg,0,47.397327,34.950306
20210413,C:\junha\Datasets\LTDv2\frames\frames\20210413\clip_45_2008\image_0052.jpg,0,47.559444,35.121387
20210413,C:\junha\Datasets\LTDv2\frames\frames\20210413\clip_45_2008\image_0053.jpg,0,48.831577,34.827263
20210413,C:\junha\Datasets\LTDv2\frames\frames\20210413\clip_45_2008\image_0054.jpg,0,48.71212,34.745834
20210413,C:\junha\Datasets\LTDv2\frames\frames\20210413\clip_45_2008\image_0055.jpg,0,44.767715,34.099167
20210413,C:\junha\Datasets\LTDv2\frames\frames\20210413\clip_45_2008\image_0056.jpg,0,44.896233,34.167187
20210413,C:\junha\Datasets\LTDv2\frames\frames\20210413\clip_45_2008\image_0057.jpg,0,45.657856,34.10812
20210413,C:\junha\Datasets\LTDv2\frames\frames\20210413\clip_45_2008\image_0058.jpg,0,45.653885,34.13257
20210413,C:\junha\Datasets\LTDv2\frames\frames\20210413\clip_45_2008\image_0059.jpg,0,38.439568,37.48168
20210413,C:\junha\Datasets\LTDv2\frames\frames\20210413\clip_45_2008\image_0060.jpg,6,38.427307,37.479214
20210413,C:\junha\Datasets\LTDv2\frames\frames\20210413\clip_45_2008\image_0061.jpg,0,38.78715,38.22656
20210413,C:\junha\Datasets\LTDv2\frames\frames\20210413\clip_45_2008\image_0062.jpg,0,38.782436,38.145298
20210413,C:\junha\Datasets\LTDv2\frames\frames\20210413\clip_45_2008\image_0063.jpg,0,39.26907,34.725487
20210413,C:\junha\Datasets\LTDv2\frames\frames\20210413\clip_45_2008\image_0064.jpg,0,39.48296,34.171204
20210413,C:\junha\Datasets\LTDv2\frames\frames\20210413\clip_45_2008\image_0065.jpg,6,38.649624,35.704185
20210413,C:\junha\Datasets\LTDv2\frames\frames\20210413\clip_45_2008\image_0066.jpg,0,39.79058,33.313953
20210413,C:\junha\Datasets\LTDv2\frames\frames\20210413\clip_45_2008\image_0067.jpg,0,39.884636,32.969494
20210413,C:\junha\Datasets\LTDv2\frames\frames\20210413\clip_45_2008\image_0068.jpg,0,39.949127,32.904198
20210413,C:\junha\Datasets\LTDv2\frames\frames\20210413\clip_45_2008\image_0069.jpg,0,40.6905,34.882282
20210413,C:\junha\Datasets\LTDv2\frames\frames\20210413\clip_45_2008\image_0070.jpg,0,40.86446,35.03098
20210413,C:\junha\Datasets\LTDv2\frames\frames\20210413\clip_45_2008\image_0071.jpg,0,40.715343,35.452538
20210413,C:\junha\Datasets\LTDv2\frames\frames\20210413\clip_45_2008\image_0072.jpg,0,40.794163,35.441357
20210413,C:\junha\Datasets\LTDv2\frames\frames\20210413\clip_45_2008\image_0073.jpg,4,40.034016,36.462616
20210413,C:\junha\Datasets\LTDv2\frames\frames\20210413\clip_45_2008\image_0074.jpg,0,41.119274,36.445786
20210413,C:\junha\Datasets\LTDv2\frames\frames\20210413\clip_45_2008\image_0075.jpg,0,44.11971,36.532715
20210413,C:\junha\Datasets\LTDv2\frames\frames\20210413\clip_45_2008\image_0076.jpg,0,44.223366,36.53569
20210413,C:\junha\Datasets\LTDv2\frames\frames\20210413\clip_45_2008\image_0077.jpg,0,44.65163,36.531532
20210413,C:\junha\Datasets\LTDv2\frames\frames\20210413\clip_45_2008\image_0078.jpg,0,38.774536,36.47407
20210413,C:\junha\Datasets\LTDv2\frames\frames\20210413\clip_45_2008\image_0079.jpg,0,38.900738,36.22164
20210413,C:\junha\Datasets\LTDv2\frames\frames\20210413\clip_45_2008\image_0080.jpg,4,39.058968,36.12213
20210413,C:\junha\Datasets\LTDv2\frames\frames\20210413\clip_45_2008\image_0081.jpg,4,39.248528,36.18406
20210413,C:\junha\Datasets\LTDv2\frames\frames\20210413\clip_45_2008\image_0082.jpg,0,43.63272,35.614105
20210413,C:\junha\Datasets\LTDv2\frames\frames\20210413\clip_45_2008\image_0083.jpg,0,42.64869,35.739124
20210413,C:\junha\Datasets\LTDv2\frames\frames\20210413\clip_45_2008\image_0084.jpg,0,42.723076,35.643494
20210413,C:\junha\Datasets\LTDv2\frames\frames\20210413\clip_45_2008\image_0085.jpg,0,42.550987,35.54882
20210413,C:\junha\Datasets\LTDv2\frames\frames\20210413\clip_45_2008\image_0086.jpg,0,42.5585,35.329838
20210413,C:\junha\Datasets\LTDv2\frames\frames\20210413\clip_45_2008\image_0087.jpg,0,42.27479,36.482
20210413,C:\junha\Datasets\LTDv2\frames\frames\20210413\clip_45_2008\image_0088.jpg,0,42.762135,36.43217
20210413,C:\junha\Datasets\LTDv2\frames\frames\20210413\clip_45_2008\image_0089.jpg,0,42.848713,36.654655
20210413,C:\junha\Datasets\LTDv2\frames\frames\20210413\clip_45_2008\image_0090.jpg,0,42.72005,36.70034
20210413,C:\junha\Datasets\LTDv2\frames\frames\20210413\clip_45_2008\image_0091.jpg,0,40.774418,37.370277
20210413,C:\junha\Datasets\LTDv2\frames\frames\20210413\clip_45_2008\image_0092.jpg,0,42.38432,37.267193
20210413,C:\junha\Datasets\LTDv2\frames\frames\20210413\clip_45_2008\image_0093.jpg,0,42.837265,37.424335
20210413,C:\junha\Datasets\LTDv2\frames\frames\20210413\clip_45_2008\image_0094.jpg,0,42.670277,37.54142
20210413,C:\junha\Datasets\LTDv2\frames\frames\20210413\clip_45_2008\image_0095.jpg,0,47.753,39.70255
20210413,C:\junha\Datasets\LTDv2\frames\frames\20210413\clip_45_2008\image_0096.jpg,0,47.91286,39.698013
20210413,C:\junha\Datasets\LTDv2\frames\frames\20210413\clip_45_2008\image_0097.jpg,0,53.13111,33.07829
20210413,C:\junha\Datasets\LTDv2\frames\frames\20210413\clip_45_2008\image_0098.jpg,0,52.99358,33.19216
20210413,C:\junha\Datasets\LTDv2\frames\frames\20210413\clip_45_2008\image_0099.jpg,0,42.983982,30.77148
20210413,C:\junha\Datasets\LTDv2\frames\frames\20210413\clip_45_2008\image_0100.jpg,0,43.048607,30.710045
20210413,C:\junha\Datasets\LTDv2\frames\frames\20210413\clip_45_2008\image_0101.jpg,0,43.114193,30.797684
20210413,C:\junha\Datasets\LTDv2\frames\frames\20210413\clip_45_2008\image_0102.jpg,0,43.401566,31.396736
20210413,C:\junha\Datasets\LTDv2\frames\frames\20210413\clip_45_2008\image_0103.jpg,0,42.769394,32.456257
20210413,C:\junha\Datasets\LTDv2\frames\frames\20210413\clip_45_2008\image_0104.jpg,0,42.687954,32.63089
20210413,C:\junha\Datasets\LTDv2\frames\frames\20210413\clip_45_2008\image_0105.jpg,0,43.211357,31.486095
20210413,C:\junha\Datasets\LTDv2\frames\frames\20210413\clip_45_2008\image_0106.jpg,0,43.45037,32.283546
20210413,C:\junha\Datasets\LTDv2\frames\frames\20210413\clip_45_2008\image_0107.jpg,0,43.683044,32.344822
20210413,C:\junha\Datasets\LTDv2\frames\frames\20210413\clip_45_2008\image_0108.jpg,0,43.776947,32.19252
20210413,C:\junha\Datasets\LTDv2\frames\frames\20210413\clip_45_2008\image_0109.jpg,0,46.656876,31.854809
20210413,C:\junha\Datasets\LTDv2\frames\frames\20210413\clip_45_2008\image_0110.jpg,0,46.621155,31.996256
20210413,C:\junha\Datasets\LTDv2\frames\frames\20210413\clip_45_2008\image_0111.jpg,0,46.65874,31.41436
20210413,C:\junha\Datasets\LTDv2\frames\frames\20210413\clip_45_2008\image_0112.jpg,0,46.672226,31.367456
20210413,C:\junha\Datasets\LTDv2\frames\frames\20210413\clip_45_2008\image_0113.jpg,0,47.83659,32.824802
20210413,C:\junha\Datasets\LTDv2\frames\frames\20210413\clip_45_2008\image_0114.jpg,0,48.022068,32.862923
20210413,C:\junha\Datasets\LTDv2\frames\frames\20210413\clip_45_2008\image_0115.jpg,0,48.22492,32.992832
20210413,C:\junha\Datasets\LTDv2\frames\frames\20210413\clip_45_2008\image_0116.jpg,0,50.843117,34.466187
20210413,C:\junha\Datasets\LTDv2\frames\frames\20210413\clip_45_2008\image_0117.jpg,0,48.59776,33.492085
20210413,C:\junha\Datasets\LTDv2\frames\frames\20210413\clip_45_2008\image_0118.jpg,0,48.58306,33.40491
20210413,C:\junha\Datasets\LTDv2\frames\frames\20210413\clip_45_2008\image_0119.jpg,0,44.377224,37.289482
20210413,C:\junha\Datasets\LTDv2\frames\frames\20210413\clip_46_2036\image_0000.jpg,0,53.47734,28.759418
20210413,C:\junha\Datasets\LTDv2\frames\frames\20210413\clip_46_2036\image_0001.jpg,0,54.214428,28.439228
20210413,C:\junha\Datasets\LTDv2\frames\frames\20210413\clip_46_2036\image_0002.jpg,0,54.955757,27.173676
20210413,C:\junha\Datasets\LTDv2\frames\frames\20210413\clip_46_2036\image_0003.jpg,0,54.662457,27.03683
20210413,C:\junha\Datasets\LTDv2\frames\frames\20210413\clip_46_2036\image_0004.jpg,0,54.434746,28.272402
20210413,C:\junha\Datasets\LTDv2\frames\frames\20210413\clip_46_2036\image_0005.jpg,0,54.52115,28.366777
20210413,C:\junha\Datasets\LTDv2\frames\frames\20210413\clip_46_2036\image_0006.jpg,0,54.424355,27.877045
20210413,C:\junha\Datasets\LTDv2\frames\frames\20210413\clip_46_2036\image_0007.jpg,0,54.398434,27.13749
20210413,C:\junha\Datasets\LTDv2\frames\frames\20210413\clip_46_2036\image_0008.jpg,0,54.360558,26.26422
20210413,C:\junha\Datasets\LTDv2\frames\frames\20210413\clip_46_2036\image_0009.jpg,0,54.233036,26.20013
20210413,C:\junha\Datasets\LTDv2\frames\frames\20210413\clip_46_2036\image_0010.jpg,0,54.140736,26.344543
20210413,C:\junha\Datasets\LTDv2\frames\frames\20210413\clip_46_2036\image_0011.jpg,0,54.10174,26.306807
20210413,C:\junha\Datasets\LTDv2\frames\frames\20210413\clip_46_2036\image_0012.jpg,0,53.76853,26.421883
20210413,C:\junha\Datasets\LTDv2\frames\frames\20210413\clip_46_2036\image_0013.jpg,0,57.642906,30.092218
20210413,C:\junha\Datasets\LTDv2\frames\frames\20210413\clip_46_2036\image_0014.jpg,0,58.22845,30.216911
20210413,C:\junha\Datasets\LTDv2\frames\frames\20210413\clip_46_2036\image_0015.jpg,0,58.31943,30.181128
20210413,C:\junha\Datasets\LTDv2\frames\frames\20210413\clip_46_2036\image_0016.jpg,0,59.643497,31.867016
20210413,C:\junha\Datasets\LTDv2\frames\frames\20210413\clip_46_2036\image_0017.jpg,0,60.336502,32.17161
20210413,C:\junha\Datasets\LTDv2\frames\frames\20210413\clip_46_2036\image_0018.jpg,0,60.504383,32.071518
20210413,C:\junha\Datasets\LTDv2\frames\frames\20210413\clip_46_2036\image_0019.jpg,0,64.862206,23.689754
20210413,C:\junha\Datasets\LTDv2\frames\frames\20210413\clip_46_2036\image_0020.jpg,0,64.81188,23.7159
20210413,C:\junha\Datasets\LTDv2\frames\frames\20210413\clip_46_2036\image_0021.jpg,0,60.82341,29.165493
20210413,C:\junha\Datasets\LTDv2\frames\frames\20210413\clip_46_2036\image_0022.jpg,0,61.72188,28.599577
20210413,C:\junha\Datasets\LTDv2\frames\frames\20210413\clip_46_2036\image_0023.jpg,0,61.78021,28.796265
20210413,C:\junha\Datasets\LTDv2\frames\frames\20210413\clip_46_2036\image_0024.jpg,0,62.66242,30.213959
20210413,C:\junha\Datasets\LTDv2\frames\frames\20210413\clip_46_2036\image_0025.jpg,0,62.66487,30.128557
20210413,C:\junha\Datasets\LTDv2\frames\frames\20210413\clip_46_2036\image_0026.jpg,0,61.516262,29.185583
20210413,C:\junha\Datasets\LTDv2\frames\frames\20210413\clip_46_2036\image_0027.jpg,0,61.82893,29.293715
20210413,C:\junha\Datasets\LTDv2\frames\frames\20210413\clip_46_2036\image_0028.jpg,0,62.70723,30.070362
20210413,C:\junha\Datasets\LTDv2\frames\frames\20210413\clip_46_2036\image_0029.jpg,0,59.053303,28.721245
20210413,C:\junha\Datasets\LTDv2\frames\frames\20210413\clip_46_2036\image_0030.jpg,0,58.70866,28.158617
20210413,C:\junha\Datasets\LTDv2\frames\frames\20210413\clip_46_2036\image_0031.jpg,0,58.888737,28.211603
20210413,C:\junha\Datasets\LTDv2\frames\frames\20210413\clip_46_2036\image_0032.jpg,0,59.213287,28.48272
20210413,C:\junha\Datasets\LTDv2\frames\frames\20210413\clip_46_2036\image_0033.jpg,0,59.24519,28.178247
20210413,C:\junha\Datasets\LTDv2\frames\frames\20210413\clip_46_2036\image_0034.jpg,0,60.022953,28.338667
20210413,C:\junha\Datasets\LTDv2\frames\frames\20210413\clip_46_2036\image_0035.jpg,0,62.009186,28.586294
20210413,C:\junha\Datasets\LTDv2\frames\frames\20210413\clip_46_2036\image_0036.jpg,0,61.311558,23.498905
20210413,C:\junha\Datasets\LTDv2\frames\frames\20210413\clip_46_2036\image_0037.jpg,0,62.733948,28.464666
20210413,C:\junha\Datasets\LTDv2\frames\frames\20210413\clip_46_2036\image_0038.jpg,0,59.446136,30.975925
20210413,C:\junha\Datasets\LTDv2\frames\frames\20210413\clip_46_2036\image_0039.jpg,0,57.43918,27.64887
20210413,C:\junha\Datasets\LTDv2\frames\frames\20210413\clip_46_2036\image_0040.jpg,0,60.354477,30.939322
20210413,C:\junha\Datasets\LTDv2\frames\frames\20210413\clip_46_2036\image_0041.jpg,0,60.24645,30.78279
20210413,C:\junha\Datasets\LTDv2\frames\frames\20210413\clip_46_2036\image_0042.jpg,0,60.26341,30.200165
20210413,C:\junha\Datasets\LTDv2\frames\frames\20210413\clip_46_2036\image_0043.jpg,0,60.164352,30.325212
20210413,C:\junha\Datasets\LTDv2\frames\frames\20210413\clip_46_2036\image_0044.jpg,0,58.38149,27.931852
20210413,C:\junha\Datasets\LTDv2\frames\frames\20210413\clip_46_2036\image_0045.jpg,0,59.073963,27.687605
20210413,C:\junha\Datasets\LTDv2\frames\frames\20210413\clip_46_2036\image_0046.jpg,0,59.547955,27.82736
20210413,C:\junha\Datasets\LTDv2\frames\frames\20210413\clip_46_2036\image_0047.jpg,0,59.547718,28.504148
20210413,C:\junha\Datasets\LTDv2\frames\frames\20210413\clip_46_2036\image_0048.jpg,0,60.79133,28.531511
20210413,C:\junha\Datasets\LTDv2\frames\frames\20210413\clip_46_2036\image_0049.jpg,0,48.377857,43.40968
20210413,C:\junha\Datasets\LTDv2\frames\frames\20210413\clip_46_2036\image_0050.jpg,0,60.645576,21.898975
20210413,C:\junha\Datasets\LTDv2\frames\frames\20210413\clip_46_2036\image_0051.jpg,0,60.452236,21.655964
20210413,C:\junha\Datasets\LTDv2\frames\frames\20210413\clip_46_2036\image_0052.jpg,0,61.29966,22.506638
20210413,C:\junha\Datasets\LTDv2\frames\frames\20210413\clip_46_2036\image_0053.jpg,0,61.46972,22.389004
20210413,C:\junha\Datasets\LTDv2\frames\frames\20210413\clip_46_2036\image_0054.jpg,0,61.50656,21.253473
20210413,C:\junha\Datasets\LTDv2\frames\frames\20210413\clip_46_2036\image_0055.jpg,0,61.44614,21.767763
20210413,C:\junha\Datasets\LTDv2\frames\frames\20210413\clip_46_2036\image_0056.jpg,0,61.782833,20.418613
20210413,C:\junha\Datasets\LTDv2\frames\frames\20210413\clip_46_2036\image_0057.jpg,0,55.27856,24.165901
20210413,C:\junha\Datasets\LTDv2\frames\frames\20210413\clip_46_2036\image_0058.jpg,0,54.97724,24.653969
20210413,C:\junha\Datasets\LTDv2\frames\frames\20210413\clip_46_2036\image_0059.jpg,0,55.184044,24.334728
20210413,C:\junha\Datasets\LTDv2\frames\frames\20210413\clip_46_2036\image_0060.jpg,0,55.167404,24.513372
20210413,C:\junha\Datasets\LTDv2\frames\frames\20210413\clip_46_2036\image_0061.jpg,0,59.436016,29.874746
20210413,C:\junha\Datasets\LTDv2\frames\frames\20210413\clip_46_2036\image_0062.jpg,0,56.027523,23.50986
20210413,C:\junha\Datasets\LTDv2\frames\frames\20210413\clip_46_2036\image_0063.jpg,0,56.217976,23.424273
20210413,C:\junha\Datasets\LTDv2\frames\frames\20210413\clip_46_2036\image_0064.jpg,0,61.12091,23.391441
20210413,C:\junha\Datasets\LTDv2\frames\frames\20210413\clip_46_2036\image_0065.jpg,0,61.08166,23.344093
20210413,C:\junha\Datasets\LTDv2\frames\frames\20210413\clip_46_2036\image_0066.jpg,0,61.255802,30.837616
20210413,C:\junha\Datasets\LTDv2\frames\frames\20210413\clip_46_2036\image_0067.jpg,0,61.33424,30.846966
20210413,C:\junha\Datasets\LTDv2\frames\frames\20210413\clip_46_2036\image_0068.jpg,0,61.63711,27.659407
20210413,C:\junha\Datasets\LTDv2\frames\frames\20210413\clip_46_2036\image_0069.jpg,0,60.447453,22.61288
20210413,C:\junha\Datasets\LTDv2\frames\frames\20210413\clip_46_2036\image_0070.jpg,0,59.581154,23.209442
20210413,C:\junha\Datasets\LTDv2\frames\frames\20210413\clip_46_2036\image_0071.jpg,0,59.794952,23.080301
20210413,C:\junha\Datasets\LTDv2\frames\frames\20210413\clip_46_2036\image_0072.jpg,0,59.23043,23.236103
20210413,C:\junha\Datasets\LTDv2\frames\frames\20210413\clip_46_2036\image_0073.jpg,0,59.10777,24.050133
20210413,C:\junha\Datasets\LTDv2\frames\frames\20210413\clip_46_2036\image_0074.jpg,0,58.955826,24.145605
20210413,C:\junha\Datasets\LTDv2\frames\frames\20210413\clip_46_2036\image_0075.jpg,0,58.963345,24.357742
20210413,C:\junha\Datasets\LTDv2\frames\frames\20210413\clip_46_2036\image_0076.jpg,0,59.535034,25.373957
20210413,C:\junha\Datasets\LTDv2\frames\frames\20210413\clip_46_2036\image_0077.jpg,0,59.376476,25.403946
20210413,C:\junha\Datasets\LTDv2\frames\frames\20210413\clip_46_2036\image_0078.jpg,0,63.490685,32.086647
20210413,C:\junha\Datasets\LTDv2\frames\frames\20210413\clip_46_2036\image_0079.jpg,0,59.202793,30.871405
20210413,C:\junha\Datasets\LTDv2\frames\frames\20210413\clip_46_2036\image_0080.jpg,0,62.041912,32.43951
20210413,C:\junha\Datasets\LTDv2\frames\frames\20210413\clip_46_2036\image_0081.jpg,0,62.134296,32.485245
20210413,C:\junha\Datasets\LTDv2\frames\frames\20210413\clip_46_2036\image_0082.jpg,0,63.48838,32.146347
20210413,C:\junha\Datasets\LTDv2\frames\frames\20210413\clip_46_2036\image_0083.jpg,0,63.356827,32.133377
20210413,C:\junha\Datasets\LTDv2\frames\frames\20210413\clip_46_2036\image_0084.jpg,0,64.45568,26.525429
20210413,C:\junha\Datasets\LTDv2\frames\frames\20210413\clip_46_2036\image_0085.jpg,0,64.47774,26.490498
20210413,C:\junha\Datasets\LTDv2\frames\frames\20210413\clip_46_2036\image_0086.jpg,0,60.996483,27.300812
20210413,C:\junha\Datasets\LTDv2\frames\frames\20210413\clip_46_2036\image_0087.jpg,0,60.76339,27.42519
20210413,C:\junha\Datasets\LTDv2\frames\frames\20210413\clip_46_2036\image_0088.jpg,0,60.451664,25.997778
20210413,C:\junha\Datasets\LTDv2\frames\frames\20210413\clip_46_2036\image_0089.jpg,0,61.785744,26.637747
20210413,C:\junha\Datasets\LTDv2\frames\frames\20210413\clip_46_2036\image_0090.jpg,0,62.0033,26.923878
20210413,C:\junha\Datasets\LTDv2\frames\frames\20210413\clip_46_2036\image_0091.jpg,0,62.184555,27.012232
20210413,C:\junha\Datasets\LTDv2\frames\frames\20210413\clip_46_2036\image_0092.jpg,0,60.1928,26.571339
20210413,C:\junha\Datasets\LTDv2\frames\frames\20210413\clip_46_2036\image_0093.jpg,0,60.066246,26.559889
20210413,C:\junha\Datasets\LTDv2\frames\frames\20210413\clip_46_2036\image_0094.jpg,0,58.148567,26.884472
20210413,C:\junha\Datasets\LTDv2\frames\frames\20210413\clip_46_2036\image_0095.jpg,0,58.130524,26.815145
20210413,C:\junha\Datasets\LTDv2\frames\frames\20210413\clip_46_2036\image_0096.jpg,0,61.412186,25.557339
20210413,C:\junha\Datasets\LTDv2\frames\frames\20210413\clip_46_2036\image_0097.jpg,0,61.263325,26.067617
20210413,C:\junha\Datasets\LTDv2\frames\frames\20210413\clip_46_2036\image_0098.jpg,0,61.017254,25.464464
20210413,C:\junha\Datasets\LTDv2\frames\frames\20210413\clip_46_2036\image_0099.jpg,0,62.663578,26.347012
20210413,C:\junha\Datasets\LTDv2\frames\frames\20210413\clip_46_2036\image_0100.jpg,0,62.253803,25.790735
20210413,C:\junha\Datasets\LTDv2\frames\frames\20210413\clip_46_2036\image_0101.jpg,0,62.002502,25.677107
20210413,C:\junha\Datasets\LTDv2\frames\frames\20210413\clip_46_2036\image_0102.jpg,0,62.449024,27.46686
20210413,C:\junha\Datasets\LTDv2\frames\frames\20210413\clip_46_2036\image_0103.jpg,0,62.69568,27.321314
20210413,C:\junha\Datasets\LTDv2\frames\frames\20210413\clip_46_2036\image_0104.jpg,0,63.50926,27.028177
20210413,C:\junha\Datasets\LTDv2\frames\frames\20210413\clip_46_2036\image_0105.jpg,0,63.423195,26.810928
20210413,C:\junha\Datasets\LTDv2\frames\frames\20210413\clip_46_2036\image_0106.jpg,0,62.62455,24.902477
20210413,C:\junha\Datasets\LTDv2\frames\frames\20210413\clip_46_2036\image_0107.jpg,0,62.48025,25.096996
20210413,C:\junha\Datasets\LTDv2\frames\frames\20210413\clip_46_2036\image_0108.jpg,0,62.286095,24.602688
20210413,C:\junha\Datasets\LTDv2\frames\frames\20210413\clip_46_2036\image_0109.jpg,0,60.406902,20.415712
20210413,C:\junha\Datasets\LTDv2\frames\frames\20210413\clip_46_2036\image_0110.jpg,0,60.33614,20.281761
20210413,C:\junha\Datasets\LTDv2\frames\frames\20210413\clip_46_2036\image_0111.jpg,0,60.307415,20.32306
20210413,C:\junha\Datasets\LTDv2\frames\frames\20210413\clip_46_2036\image_0112.jpg,0,60.967064,26.329496
20210413,C:\junha\Datasets\LTDv2\frames\frames\20210413\clip_46_2036\image_0113.jpg,0,60.741188,26.169996
20210413,C:\junha\Datasets\LTDv2\frames\frames\20210413\clip_46_2036\image_0114.jpg,0,61.970005,25.583414
20210413,C:\junha\Datasets\LTDv2\frames\frames\20210413\clip_46_2036\image_0115.jpg,0,62.739895,25.476282
20210413,C:\junha\Datasets\LTDv2\frames\frames\20210413\clip_46_2036\image_0116.jpg,0,63.420902,25.313143
20210413,C:\junha\Datasets\LTDv2\frames\frames\20210413\clip_46_2036\image_0117.jpg,0,63.274048,25.638474
20210413,C:\junha\Datasets\LTDv2\frames\frames\20210413\clip_46_2036\image_0118.jpg,0,62.3838,26.296122
20210413,C:\junha\Datasets\LTDv2\frames\frames\20210413\clip_46_2036\image_0119.jpg,0,56.830692,19.818241
20210413,C:\junha\Datasets\LTDv2\frames\frames\20210413\clip_47_2104\image_0000.jpg,0,49.78548,10.523615
20210413,C:\junha\Datasets\LTDv2\frames\frames\20210413\clip_47_2104\image_0001.jpg,0,49.788048,10.483757
20210413,C:\junha\Datasets\LTDv2\frames\frames\20210413\clip_47_2104\image_0002.jpg,0,49.49494,10.226005
20210413,C:\junha\Datasets\LTDv2\frames\frames\20210413\clip_47_2104\image_0003.jpg,0,49.49696,10.306062
20210413,C:\junha\Datasets\LTDv2\frames\frames\20210413\clip_47_2104\image_0004.jpg,0,46.431076,12.512426
20210413,C:\junha\Datasets\LTDv2\frames\frames\20210413\clip_47_2104\image_0005.jpg,0,46.539444,12.622063
20210413,C:\junha\Datasets\LTDv2\frames\frames\20210413\clip_47_2104\image_0006.jpg,0,46.6976,12.247971
20210413,C:\junha\Datasets\LTDv2\frames\frames\20210413\clip_47_2104\image_0007.jpg,0,46.746925,12.594414
20210413,C:\junha\Datasets\LTDv2\frames\frames\20210413\clip_47_2104\image_0008.jpg,0,47.166958,11.13706
20210413,C:\junha\Datasets\LTDv2\frames\frames\20210413\clip_47_2104\image_0009.jpg,0,47.98913,10.184544
20210413,C:\junha\Datasets\LTDv2\frames\frames\20210413\clip_47_2104\image_0010.jpg,0,48.602116,11.892308
20210413,C:\junha\Datasets\LTDv2\frames\frames\20210413\clip_47_2104\image_0011.jpg,0,48.52874,12.071817
20210413,C:\junha\Datasets\LTDv2\frames\frames\20210413\clip_47_2104\image_0012.jpg,0,46.42417,13.450073
20210413,C:\junha\Datasets\LTDv2\frames\frames\20210413\clip_47_2104\image_0013.jpg,0,46.164276,13.750289
20210413,C:\junha\Datasets\LTDv2\frames\frames\20210413\clip_47_2104\image_0014.jpg,0,48.058277,10.763826
20210413,C:\junha\Datasets\LTDv2\frames\frames\20210413\clip_47_2104\image_0015.jpg,0,48.092033,10.673169
20210413,C:\junha\Datasets\LTDv2\frames\frames\20210413\clip_47_2104\image_0016.jpg,0,49.3241,11.579132
20210413,C:\junha\Datasets\LTDv2\frames\frames\20210413\clip_47_2104\image_0017.jpg,0,49.232887,11.279372
20210413,C:\junha\Datasets\LTDv2\frames\frames\20210413\clip_47_2104\image_0018.jpg,0,47.760727,10.698057
20210413,C:\junha\Datasets\LTDv2\frames\frames\20210413\clip_47_2104\image_0019.jpg,0,47.921646,10.5159445
20210413,C:\junha\Datasets\LTDv2\frames\frames\20210413\clip_47_2104\image_0020.jpg,0,45.57993,13.1053915
20210413,C:\junha\Datasets\LTDv2\frames\frames\20210413\clip_47_2104\image_0021.jpg,0,45.582767,13.055444
20210413,C:\junha\Datasets\LTDv2\frames\frames\20210413\clip_47_2104\image_0022.jpg,0,45.681515,13.891476
20210413,C:\junha\Datasets\LTDv2\frames\frames\20210413\clip_47_2104\image_0023.jpg,0,45.49632,14.076374
20210413,C:\junha\Datasets\LTDv2\frames\frames\20210413\clip_47_2104\image_0024.jpg,0,44.642994,14.198479
20210413,C:\junha\Datasets\LTDv2\frames\frames\20210413\clip_47_2104\image_0025.jpg,0,44.6061,14.201393
20210413,C:\junha\Datasets\LTDv2\frames\frames\20210413\clip_47_2104\image_0026.jpg,0,44.11978,15.911493
20210413,C:\junha\Datasets\LTDv2\frames\frames\20210413\clip_47_2104\image_0027.jpg,0,44.185738,16.15127
20210413,C:\junha\Datasets\LTDv2\frames\frames\20210413\clip_47_2104\image_0028.jpg,0,44.19268,17.134115
20210413,C:\junha\Datasets\LTDv2\frames\frames\20210413\clip_47_2104\image_0029.jpg,0,44.542404,18.113478
20210413,C:\junha\Datasets\LTDv2\frames\frames\20210413\clip_47_2104\image_0030.jpg,0,43.773228,16.656136
20210413,C:\junha\Datasets\LTDv2\frames\frames\20210413\clip_47_2104\image_0031.jpg,0,43.71932,16.706614
20210413,C:\junha\Datasets\LTDv2\frames\frames\20210413\clip_47_2104\image_0032.jpg,0,43.662872,17.72463
20210413,C:\junha\Datasets\LTDv2\frames\frames\20210413\clip_47_2104\image_0033.jpg,8,40.66308,17.719406
20210413,C:\junha\Datasets\LTDv2\frames\frames\20210413\clip_47_2104\image_0034.jpg,0,43.201958,16.004395
20210413,C:\junha\Datasets\LTDv2\frames\frames\20210413\clip_47_2104\image_0035.jpg,8,40.916992,17.269136
20210413,C:\junha\Datasets\LTDv2\frames\frames\20210413\clip_47_2104\image_0036.jpg,8,40.869606,17.449232
20210413,C:\junha\Datasets\LTDv2\frames\frames\20210413\clip_47_2104\image_0037.jpg,0,41.29869,16.853638
20210413,C:\junha\Datasets\LTDv2\frames\frames\20210413\clip_47_2104\image_0038.jpg,0,43.72815,15.574956
20210413,C:\junha\Datasets\LTDv2\frames\frames\20210413\clip_47_2104\image_0039.jpg,0,46.047455,15.31612
20210413,C:\junha\Datasets\LTDv2\frames\frames\20210413\clip_47_2104\image_0040.jpg,0,45.79,11.231229
20210413,C:\junha\Datasets\LTDv2\frames\frames\20210413\clip_47_2104\image_0041.jpg,0,45.04618,17.233381
20210413,C:\junha\Datasets\LTDv2\frames\frames\20210413\clip_47_2104\image_0042.jpg,0,42.501514,17.291145
20210413,C:\junha\Datasets\LTDv2\frames\frames\20210413\clip_47_2104\image_0043.jpg,0,42.574215,17.346277
20210413,C:\junha\Datasets\LTDv2\frames\frames\20210413\clip_47_2104\image_0044.jpg,0,42.734276,17.427902
20210413,C:\junha\Datasets\LTDv2\frames\frames\20210413\clip_47_2104\image_0045.jpg,0,47.6149,16.597721
20210413,C:\junha\Datasets\LTDv2\frames\frames\20210413\clip_47_2104\image_0046.jpg,0,49.700768,14.965706
20210413,C:\junha\Datasets\LTDv2\frames\frames\20210413\clip_47_2104\image_0047.jpg,0,46.495113,16.940376
20210413,C:\junha\Datasets\LTDv2\frames\frames\20210413\clip_47_2104\image_0048.jpg,0,49.546417,15.955465
20210413,C:\junha\Datasets\LTDv2\frames\frames\20210413\clip_47_2104\image_0049.jpg,0,47.035294,17.364338
20210413,C:\junha\Datasets\LTDv2\frames\frames\20210413\clip_47_2104\image_0050.jpg,0,43.970226,19.25381
20210413,C:\junha\Datasets\LTDv2\frames\frames\20210413\clip_47_2104\image_0051.jpg,0,44.024883,19.243187
20210413,C:\junha\Datasets\LTDv2\frames\frames\20210413\clip_47_2104\image_0052.jpg,0,48.15601,21.266228
20210413,C:\junha\Datasets\LTDv2\frames\frames\20210413\clip_47_2104\image_0053.jpg,0,48.155148,21.22417
20210413,C:\junha\Datasets\LTDv2\frames\frames\20210413\clip_47_2104\image_0054.jpg,0,47.186962,18.552267
20210413,C:\junha\Datasets\LTDv2\frames\frames\20210413\clip_47_2104\image_0055.jpg,0,47.11855,18.860657
20210413,C:\junha\Datasets\LTDv2\frames\frames\20210413\clip_47_2104\image_0056.jpg,0,46.619392,18.296572
20210413,C:\junha\Datasets\LTDv2\frames\frames\20210413\clip_47_2104\image_0057.jpg,0,46.671146,18.616316
20210413,C:\junha\Datasets\LTDv2\frames\frames\20210413\clip_47_2104\image_0058.jpg,0,46.9151,19.091019
20210413,C:\junha\Datasets\LTDv2\frames\frames\20210413\clip_47_2104\image_0059.jpg,0,48.912643,20.235592
20210413,C:\junha\Datasets\LTDv2\frames\frames\20210413\clip_47_2104\image_0060.jpg,0,46.688652,15.400591
20210413,C:\junha\Datasets\LTDv2\frames\frames\20210413\clip_47_2104\image_0061.jpg,0,48.060555,12.628262
20210413,C:\junha\Datasets\LTDv2\frames\frames\20210413\clip_47_2104\image_0062.jpg,0,46.904194,14.156625
20210413,C:\junha\Datasets\LTDv2\frames\frames\20210413\clip_47_2104\image_0063.jpg,0,48.53382,17.722673
20210413,C:\junha\Datasets\LTDv2\frames\frames\20210413\clip_47_2104\image_0064.jpg,0,48.518707,18.371086
20210413,C:\junha\Datasets\LTDv2\frames\frames\20210413\clip_47_2104\image_0065.jpg,0,48.408703,18.202038
20210413,C:\junha\Datasets\LTDv2\frames\frames\20210413\clip_47_2104\image_0066.jpg,0,48.727108,18.500603
20210413,C:\junha\Datasets\LTDv2\frames\frames\20210413\clip_47_2104\image_0067.jpg,0,48.845676,18.817898
20210413,C:\junha\Datasets\LTDv2\frames\frames\20210413\clip_47_2104\image_0068.jpg,0,49.289715,21.21349
20210413,C:\junha\Datasets\LTDv2\frames\frames\20210413\clip_47_2104\image_0069.jpg,0,50.989334,22.623323
20210413,C:\junha\Datasets\LTDv2\frames\frames\20210413\clip_47_2104\image_0070.jpg,0,49.95554,22.38227
20210413,C:\junha\Datasets\LTDv2\frames\frames\20210413\clip_47_2104\image_0071.jpg,0,49.849297,22.829851
20210413,C:\junha\Datasets\LTDv2\frames\frames\20210413\clip_47_2104\image_0072.jpg,0,49.70801,22.04127
20210413,C:\junha\Datasets\LTDv2\frames\frames\20210413\clip_47_2104\image_0073.jpg,0,49.6941,21.980032
20210413,C:\junha\Datasets\LTDv2\frames\frames\20210413\clip_47_2104\image_0074.jpg,0,50.115646,23.109144
20210413,C:\junha\Datasets\LTDv2\frames\frames\20210413\clip_47_2104\image_0075.jpg,0,50.08033,23.289448
20210413,C:\junha\Datasets\LTDv2\frames\frames\20210413\clip_47_2104\image_0076.jpg,0,51.124645,22.79763
20210413,C:\junha\Datasets\LTDv2\frames\frames\20210413\clip_47_2104\image_0077.jpg,0,51.176216,22.857542
20210413,C:\junha\Datasets\LTDv2\frames\frames\20210413\clip_47_2104\image_0078.jpg,0,53.34411,25.79901
20210413,C:\junha\Datasets\LTDv2\frames\frames\20210413\clip_47_2104\image_0079.jpg,0,48.500282,11.401976
20210413,C:\junha\Datasets\LTDv2\frames\frames\20210413\clip_47_2104\image_0080.jpg,0,49.975163,21.762629
20210413,C:\junha\Datasets\LTDv2\frames\frames\20210413\clip_47_2104\image_0081.jpg,0,51.091705,23.269726
20210413,C:\junha\Datasets\LTDv2\frames\frames\20210413\clip_47_2104\image_0082.jpg,0,51.26816,22.811907
20210413,C:\junha\Datasets\LTDv2\frames\frames\20210413\clip_47_2104\image_0083.jpg,0,50.191257,21.358238
20210413,C:\junha\Datasets\LTDv2\frames\frames\20210413\clip_47_2104\image_0084.jpg,0,50.036285,21.021309
20210413,C:\junha\Datasets\LTDv2\frames\frames\20210413\clip_47_2104\image_0085.jpg,0,47.105034,13.122555
20210413,C:\junha\Datasets\LTDv2\frames\frames\20210413\clip_47_2104\image_0086.jpg,0,49.76044,20.567604
20210413,C:\junha\Datasets\LTDv2\frames\frames\20210413\clip_47_2104\image_0087.jpg,0,49.61773,20.817514
20210413,C:\junha\Datasets\LTDv2\frames\frames\20210413\clip_47_2104\image_0088.jpg,0,49.955193,20.945383
20210413,C:\junha\Datasets\LTDv2\frames\frames\20210413\clip_47_2104\image_0089.jpg,0,50.003445,13.664346
20210413,C:\junha\Datasets\LTDv2\frames\frames\20210413\clip_47_2104\image_0090.jpg,0,46.181744,15.583202
20210413,C:\junha\Datasets\LTDv2\frames\frames\20210413\clip_47_2104\image_0091.jpg,0,45.38248,15.865908
20210413,C:\junha\Datasets\LTDv2\frames\frames\20210413\clip_47_2104\image_0092.jpg,0,51.586727,15.18978
20210413,C:\junha\Datasets\LTDv2\frames\frames\20210413\clip_47_2104\image_0093.jpg,0,51.355705,15.246241
20210413,C:\junha\Datasets\LTDv2\frames\frames\20210413\clip_47_2104\image_0094.jpg,0,49.807297,14.697532
20210413,C:\junha\Datasets\LTDv2\frames\frames\20210413\clip_47_2104\image_0095.jpg,0,49.1951,15.314609
20210413,C:\junha\Datasets\LTDv2\frames\frames\20210413\clip_47_2104\image_0096.jpg,0,50.079803,15.452931
20210413,C:\junha\Datasets\LTDv2\frames\frames\20210413\clip_47_2104\image_0097.jpg,0,49.442104,15.212454
20210413,C:\junha\Datasets\LTDv2\frames\frames\20210413\clip_47_2104\image_0098.jpg,0,47.891068,16.471598
20210413,C:\junha\Datasets\LTDv2\frames\frames\20210413\clip_47_2104\image_0099.jpg,0,47.68585,15.076846
20210413,C:\junha\Datasets\LTDv2\frames\frames\20210413\clip_47_2104\image_0100.jpg,0,47.41068,14.694987
20210413,C:\junha\Datasets\LTDv2\frames\frames\20210413\clip_47_2104\image_0101.jpg,0,48.234463,8.3048
20210413,C:\junha\Datasets\LTDv2\frames\frames\20210413\clip_47_2104\image_0102.jpg,0,48.469833,8.165338
20210413,C:\junha\Datasets\LTDv2\frames\frames\20210413\clip_47_2104\image_0103.jpg,7,48.516987,8.104365
20210413,C:\junha\Datasets\LTDv2\frames\frames\20210413\clip_47_2104\image_0104.jpg,0,48.5032,13.374466
20210413,C:\junha\Datasets\LTDv2\frames\frames\20210413\clip_47_2104\image_0105.jpg,0,47.9678,13.801992
20210413,C:\junha\Datasets\LTDv2\frames\frames\20210413\clip_47_2104\image_0106.jpg,0,45.430508,17.024311
20210413,C:\junha\Datasets\LTDv2\frames\frames\20210413\clip_47_2104\image_0107.jpg,0,44.25056,17.697504
20210413,C:\junha\Datasets\LTDv2\frames\frames\20210413\clip_47_2104\image_0108.jpg,0,44.479343,18.186356
20210413,C:\junha\Datasets\LTDv2\frames\frames\20210413\clip_47_2104\image_0109.jpg,0,41.23984,17.706608
20210413,C:\junha\Datasets\LTDv2\frames\frames\20210413\clip_47_2104\image_0110.jpg,0,42.406216,16.140251
20210413,C:\junha\Datasets\LTDv2\frames\frames\20210413\clip_47_2104\image_0111.jpg,0,42.541405,16.001764
20210413,C:\junha\Datasets\LTDv2\frames\frames\20210413\clip_47_2104\image_0112.jpg,0,42.034554,16.075483
20210413,C:\junha\Datasets\LTDv2\frames\frames\20210413\clip_47_2104\image_0113.jpg,8,40.743546,17.036512
20210413,C:\junha\Datasets\LTDv2\frames\frames\20210413\clip_47_2104\image_0114.jpg,0,41.787495,16.548729
20210413,C:\junha\Datasets\LTDv2\frames\frames\20210413\clip_47_2104\image_0115.jpg,0,41.90831,16.605162
20210413,C:\junha\Datasets\LTDv2\frames\frames\20210413\clip_47_2104\image_0116.jpg,0,42.330105,16.453901
20210413,C:\junha\Datasets\LTDv2\frames\frames\20210413\clip_47_2104\image_0117.jpg,0,41.799095,16.528233
20210413,C:\junha\Datasets\LTDv2\frames\frames\20210413\clip_47_2104\image_0118.jpg,0,45.615604,14.940211
20210413,C:\junha\Datasets\LTDv2\frames\frames\20210413\clip_47_2104\image_0119.jpg,0,45.48763,10.904106
20210413,C:\junha\Datasets\LTDv2\frames\frames\20210413\clip_48_2132\image_0000.jpg,0,54.279842,18.663149
20210413,C:\junha\Datasets\LTDv2\frames\frames\20210413\clip_48_2132\image_0001.jpg,0,54.72352,19.275574
20210413,C:\junha\Datasets\LTDv2\frames\frames\20210413\clip_48_2132\image_0002.jpg,0,54.69364,19.122206
20210413,C:\junha\Datasets\LTDv2\frames\frames\20210413\clip_48_2132\image_0003.jpg,0,53.664974,10.104284
20210413,C:\junha\Datasets\LTDv2\frames\frames\20210413\clip_48_2132\image_0004.jpg,0,53.658813,9.681208
20210413,C:\junha\Datasets\LTDv2\frames\frames\20210413\clip_48_2132\image_0005.jpg,0,53.516193,8.812557
20210413,C:\junha\Datasets\LTDv2\frames\frames\20210413\clip_48_2132\image_0006.jpg,0,53.409542,9.598133
20210413,C:\junha\Datasets\LTDv2\frames\frames\20210413\clip_48_2132\image_0007.jpg,7,54.85927,5.256854
20210413,C:\junha\Datasets\LTDv2\frames\frames\20210413\clip_48_2132\image_0008.jpg,0,54.703842,5.249274
20210413,C:\junha\Datasets\LTDv2\frames\frames\20210413\clip_48_2132\image_0009.jpg,0,53.253754,8.079122
20210413,C:\junha\Datasets\LTDv2\frames\frames\20210413\clip_48_2132\image_0010.jpg,0,53.13993,8.276437
20210413,C:\junha\Datasets\LTDv2\frames\frames\20210413\clip_48_2132\image_0011.jpg,0,56.724316,10.773678
20210413,C:\junha\Datasets\LTDv2\frames\frames\20210413\clip_48_2132\image_0012.jpg,0,56.72431,10.679256
20210413,C:\junha\Datasets\LTDv2\frames\frames\20210413\clip_48_2132\image_0013.jpg,0,54.464108,10.230944
20210413,C:\junha\Datasets\LTDv2\frames\frames\20210413\clip_48_2132\image_0014.jpg,0,54.52752,9.882496
20210413,C:\junha\Datasets\LTDv2\frames\frames\20210413\clip_48_2132\image_0015.jpg,0,57.00377,13.099488
20210413,C:\junha\Datasets\LTDv2\frames\frames\20210413\clip_48_2132\image_0016.jpg,0,56.972088,12.950252
20210413,C:\junha\Datasets\LTDv2\frames\frames\20210413\clip_48_2132\image_0017.jpg,0,56.430305,19.031267
20210413,C:\junha\Datasets\LTDv2\frames\frames\20210413\clip_48_2132\image_0018.jpg,0,56.43921,18.949978
20210413,C:\junha\Datasets\LTDv2\frames\frames\20210413\clip_48_2132\image_0019.jpg,0,55.636467,8.589373
20210413,C:\junha\Datasets\LTDv2\frames\frames\20210413\clip_48_2132\image_0020.jpg,0,59.569805,11.106597
20210413,C:\junha\Datasets\LTDv2\frames\frames\20210413\clip_48_2132\image_0021.jpg,0,59.694653,11.497815
20210413,C:\junha\Datasets\LTDv2\frames\frames\20210413\clip_48_2132\image_0022.jpg,0,60.11379,12.369677
20210413,C:\junha\Datasets\LTDv2\frames\frames\20210413\clip_48_2132\image_0023.jpg,0,59.939674,12.699064
20210413,C:\junha\Datasets\LTDv2\frames\frames\20210413\clip_48_2132\image_0024.jpg,0,59.811634,12.81993
20210413,C:\junha\Datasets\LTDv2\frames\frames\20210413\clip_48_2132\image_0025.jpg,0,60.765247,11.847206
20210413,C:\junha\Datasets\LTDv2\frames\frames\20210413\clip_48_2132\image_0026.jpg,0,60.738712,11.736505
20210413,C:\junha\Datasets\LTDv2\frames\frames\20210413\clip_48_2132\image_0027.jpg,0,61.064953,11.674743
20210413,C:\junha\Datasets\LTDv2\frames\frames\20210413\clip_48_2132\image_0028.jpg,0,61.049633,11.619866
20210413,C:\junha\Datasets\LTDv2\frames\frames\20210413\clip_48_2132\image_0029.jpg,0,58.29361,7.069767
20210413,C:\junha\Datasets\LTDv2\frames\frames\20210413\clip_48_2132\image_0030.jpg,0,58.358257,7.4705977
20210413,C:\junha\Datasets\LTDv2\frames\frames\20210413\clip_48_2132\image_0031.jpg,0,57.533688,11.49871
20210413,C:\junha\Datasets\LTDv2\frames\frames\20210413\clip_48_2132\image_0032.jpg,0,57.205128,11.337944
20210413,C:\junha\Datasets\LTDv2\frames\frames\20210413\clip_48_2132\image_0033.jpg,0,58.01743,11.96395
20210413,C:\junha\Datasets\LTDv2\frames\frames\20210413\clip_48_2132\image_0034.jpg,0,59.170692,8.286477
20210413,C:\junha\Datasets\LTDv2\frames\frames\20210413\clip_48_2132\image_0035.jpg,0,59.961304,8.734171
20210413,C:\junha\Datasets\LTDv2\frames\frames\20210413\clip_48_2132\image_0036.jpg,0,59.385628,9.076382
20210413,C:\junha\Datasets\LTDv2\frames\frames\20210413\clip_48_2132\image_0037.jpg,0,58.815983,9.582942
20210413,C:\junha\Datasets\LTDv2\frames\frames\20210413\clip_48_2132\image_0038.jpg,0,58.008144,9.108018
20210413,C:\junha\Datasets\LTDv2\frames\frames\20210413\clip_48_2132\image_0039.jpg,0,52.106487,8.960785
20210413,C:\junha\Datasets\LTDv2\frames\frames\20210413\clip_48_2132\image_0040.jpg,0,52.121155,9.398058
20210413,C:\junha\Datasets\LTDv2\frames\frames\20210413\clip_48_2132\image_0041.jpg,0,51.90144,8.354198
20210413,C:\junha\Datasets\LTDv2\frames\frames\20210413\clip_48_2132\image_0042.jpg,0,52.313835,9.889074
20210413,C:\junha\Datasets\LTDv2\frames\frames\20210413\clip_48_2132\image_0043.jpg,0,53.32487,13.261512
20210413,C:\junha\Datasets\LTDv2\frames\frames\20210413\clip_48_2132\image_0044.jpg,0,53.300083,13.309615
20210413,C:\junha\Datasets\LTDv2\frames\frames\20210413\clip_48_2132\image_0045.jpg,0,56.310574,12.51344
20210413,C:\junha\Datasets\LTDv2\frames\frames\20210413\clip_48_2132\image_0046.jpg,0,56.32373,12.485903
20210413,C:\junha\Datasets\LTDv2\frames\frames\20210413\clip_48_2132\image_0047.jpg,0,59.182693,14.135912
20210413,C:\junha\Datasets\LTDv2\frames\frames\20210413\clip_48_2132\image_0048.jpg,0,59.23595,14.204911
20210413,C:\junha\Datasets\LTDv2\frames\frames\20210413\clip_48_2132\image_0049.jpg,0,56.500706,9.863157
20210413,C:\junha\Datasets\LTDv2\frames\frames\20210413\clip_48_2132\image_0050.jpg,0,56.499058,9.547766
20210413,C:\junha\Datasets\LTDv2\frames\frames\20210413\clip_48_2132\image_0051.jpg,0,57.714462,8.036276
20210413,C:\junha\Datasets\LTDv2\frames\frames\20210413\clip_48_2132\image_0052.jpg,0,57.699883,8.148258
20210413,C:\junha\Datasets\LTDv2\frames\frames\20210413\clip_48_2132\image_0053.jpg,0,58.910202,7.729425
20210413,C:\junha\Datasets\LTDv2\frames\frames\20210413\clip_48_2132\image_0054.jpg,0,58.954636,7.8441515
20210413,C:\junha\Datasets\LTDv2\frames\frames\20210413\clip_48_2132\image_0055.jpg,0,57.201557,13.577317
20210413,C:\junha\Datasets\LTDv2\frames\frames\20210413\clip_48_2132\image_0056.jpg,0,57.284454,13.412241
20210413,C:\junha\Datasets\LTDv2\frames\frames\20210413\clip_48_2132\image_0057.jpg,0,58.34934,8.170642
20210413,C:\junha\Datasets\LTDv2\frames\frames\20210413\clip_48_2132\image_0058.jpg,0,58.32395,8.337868
20210413,C:\junha\Datasets\LTDv2\frames\frames\20210413\clip_48_2132\image_0059.jpg,0,53.426693,8.490829
20210413,C:\junha\Datasets\LTDv2\frames\frames\20210413\clip_48_2132\image_0060.jpg,0,53.617245,8.330934
20210413,C:\junha\Datasets\LTDv2\frames\frames\20210413\clip_48_2132\image_0061.jpg,0,60.06778,9.956434
20210413,C:\junha\Datasets\LTDv2\frames\frames\20210413\clip_48_2132\image_0062.jpg,0,60.084213,9.919344
20210413,C:\junha\Datasets\LTDv2\frames\frames\20210413\clip_48_2132\image_0063.jpg,0,59.887386,9.9029045
20210413,C:\junha\Datasets\LTDv2\frames\frames\20210413\clip_48_2132\image_0064.jpg,0,60.009117,9.999708
20210413,C:\junha\Datasets\LTDv2\frames\frames\20210413\clip_48_2132\image_0065.jpg,0,60.576374,9.424263
20210413,C:\junha\Datasets\LTDv2\frames\frames\20210413\clip_48_2132\image_0066.jpg,0,60.500866,9.596312
20210413,C:\junha\Datasets\LTDv2\frames\frames\20210413\clip_48_2132\image_0067.jpg,0,60.41015,9.526674
20210413,C:\junha\Datasets\LTDv2\frames\frames\20210413\clip_48_2132\image_0068.jpg,0,60.481216,10.008119
20210413,C:\junha\Datasets\LTDv2\frames\frames\20210413\clip_48_2132\image_0069.jpg,0,55.27613,19.325857
20210413,C:\junha\Datasets\LTDv2\frames\frames\20210413\clip_48_2132\image_0070.jpg,0,55.18522,19.485645
20210413,C:\junha\Datasets\LTDv2\frames\frames\20210413\clip_48_2132\image_0071.jpg,0,55.00074,19.255419
20210413,C:\junha\Datasets\LTDv2\frames\frames\20210413\clip_48_2132\image_0072.jpg,0,54.95634,19.249525
20210413,C:\junha\Datasets\LTDv2\frames\frames\20210413\clip_48_2132\image_0073.jpg,0,53.803738,10.253596
20210413,C:\junha\Datasets\LTDv2\frames\frames\20210413\clip_48_2132\image_0074.jpg,0,54.051964,9.642676
20210413,C:\junha\Datasets\LTDv2\frames\frames\20210413\clip_48_2132\image_0075.jpg,0,53.697395,11.238543
20210413,C:\junha\Datasets\LTDv2\frames\frames\20210413\clip_48_2132\image_0076.jpg,0,53.562393,11.243351
20210413,C:\junha\Datasets\LTDv2\frames\frames\20210413\clip_48_2132\image_0077.jpg,0,55.7734,14.36154
20210413,C:\junha\Datasets\LTDv2\frames\frames\20210413\clip_48_2132\image_0078.jpg,0,55.774796,14.403447
20210413,C:\junha\Datasets\LTDv2\frames\frames\20210413\clip_48_2132\image_0079.jpg,0,58.978626,10.273235
20210413,C:\junha\Datasets\LTDv2\frames\frames\20210413\clip_48_2132\image_0080.jpg,0,58.95367,10.452255
20210413,C:\junha\Datasets\LTDv2\frames\frames\20210413\clip_48_2132\image_0081.jpg,0,54.898445,11.145268
20210413,C:\junha\Datasets\LTDv2\frames\frames\20210413\clip_48_2132\image_0082.jpg,0,54.900517,11.155329
20210413,C:\junha\Datasets\LTDv2\frames\frames\20210413\clip_48_2132\image_0083.jpg,0,55.637367,10.185035
20210413,C:\junha\Datasets\LTDv2\frames\frames\20210413\clip_48_2132\image_0084.jpg,0,55.562336,10.283212
20210413,C:\junha\Datasets\LTDv2\frames\frames\20210413\clip_48_2132\image_0085.jpg,0,56.21647,11.894841
20210413,C:\junha\Datasets\LTDv2\frames\frames\20210413\clip_48_2132\image_0086.jpg,0,56.06985,12.077976
20210413,C:\junha\Datasets\LTDv2\frames\frames\20210413\clip_48_2132\image_0087.jpg,0,54.453724,11.182856
20210413,C:\junha\Datasets\LTDv2\frames\frames\20210413\clip_48_2132\image_0088.jpg,0,54.45436,10.931393
20210413,C:\junha\Datasets\LTDv2\frames\frames\20210413\clip_48_2132\image_0089.jpg,0,54.485092,6.4776564
20210413,C:\junha\Datasets\LTDv2\frames\frames\20210413\clip_48_2132\image_0090.jpg,0,54.434425,6.6630573
20210413,C:\junha\Datasets\LTDv2\frames\frames\20210413\clip_48_2132\image_0091.jpg,0,56.325527,7.382616
20210413,C:\junha\Datasets\LTDv2\frames\frames\20210413\clip_48_2132\image_0092.jpg,0,54.760887,7.6164827
20210413,C:\junha\Datasets\LTDv2\frames\frames\20210413\clip_48_2132\image_0093.jpg,0,53.78016,7.5949507
20210413,C:\junha\Datasets\LTDv2\frames\frames\20210413\clip_48_2132\image_0094.jpg,0,53.763283,7.778532
20210413,C:\junha\Datasets\LTDv2\frames\frames\20210413\clip_48_2132\image_0095.jpg,0,52.937424,6.9565125
20210413,C:\junha\Datasets\LTDv2\frames\frames\20210413\clip_48_2132\image_0096.jpg,0,52.865723,6.8471584
20210413,C:\junha\Datasets\LTDv2\frames\frames\20210413\clip_48_2132\image_0097.jpg,0,55.325207,8.057659
20210413,C:\junha\Datasets\LTDv2\frames\frames\20210413\clip_48_2132\image_0098.jpg,0,55.152565,8.002343
20210413,C:\junha\Datasets\LTDv2\frames\frames\20210413\clip_48_2132\image_0099.jpg,0,52.587963,6.4787354
20210413,C:\junha\Datasets\LTDv2\frames\frames\20210413\clip_48_2132\image_0100.jpg,0,52.612244,6.497347
20210413,C:\junha\Datasets\LTDv2\frames\frames\20210413\clip_48_2132\image_0101.jpg,0,55.378613,9.5497055
20210413,C:\junha\Datasets\LTDv2\frames\frames\20210413\clip_48_2132\image_0102.jpg,0,56.592915,7.3048153
20210413,C:\junha\Datasets\LTDv2\frames\frames\20210413\clip_48_2132\image_0103.jpg,0,58.30284,11.875048
20210413,C:\junha\Datasets\LTDv2\frames\frames\20210413\clip_48_2132\image_0104.jpg,0,58.36705,11.883583
20210413,C:\junha\Datasets\LTDv2\frames\frames\20210413\clip_48_2132\image_0105.jpg,0,58.42277,13.071916
20210413,C:\junha\Datasets\LTDv2\frames\frames\20210413\clip_48_2132\image_0106.jpg,0,58.33272,13.157592
20210413,C:\junha\Datasets\LTDv2\frames\frames\20210413\clip_48_2132\image_0107.jpg,0,58.07917,13.361869
20210413,C:\junha\Datasets\LTDv2\frames\frames\20210413\clip_48_2132\image_0108.jpg,0,58.24444,13.214024
20210413,C:\junha\Datasets\LTDv2\frames\frames\20210413\clip_48_2132\image_0109.jpg,0,55.432064,6.100302
20210413,C:\junha\Datasets\LTDv2\frames\frames\20210413\clip_48_2132\image_0110.jpg,0,55.678535,6.046219
20210413,C:\junha\Datasets\LTDv2\frames\frames\20210413\clip_48_2132\image_0111.jpg,0,54.606117,12.88948
20210413,C:\junha\Datasets\LTDv2\frames\frames\20210413\clip_48_2132\image_0112.jpg,0,54.633533,12.9164915
20210413,C:\junha\Datasets\LTDv2\frames\frames\20210413\clip_48_2132\image_0113.jpg,0,55.868824,11.4189205
20210413,C:\junha\Datasets\LTDv2\frames\frames\20210413\clip_48_2132\image_0114.jpg,0,55.916183,11.20718
20210413,C:\junha\Datasets\LTDv2\frames\frames\20210413\clip_48_2132\image_0115.jpg,7,56.96647,5.507116
20210413,C:\junha\Datasets\LTDv2\frames\frames\20210413\clip_48_2132\image_0116.jpg,0,56.949997,5.5474625
20210413,C:\junha\Datasets\LTDv2\frames\frames\20210413\clip_48_2132\image_0117.jpg,0,58.25697,10.699323
20210413,C:\junha\Datasets\LTDv2\frames\frames\20210413\clip_48_2132\image_0118.jpg,0,58.251564,10.609018
20210413,C:\junha\Datasets\LTDv2\frames\frames\20210413\clip_48_2132\image_0119.jpg,0,53.659058,7.6488566
20210413,C:\junha\Datasets\LTDv2\frames\frames\20210413\clip_49_2200\image_0000.jpg,7,-0.10364829,-24.563494
20210413,C:\junha\Datasets\LTDv2\frames\frames\20210413\clip_49_2200\image_0001.jpg,7,-1.9512776,-23.569239
20210413,C:\junha\Datasets\LTDv2\frames\frames\20210413\clip_49_2200\image_0002.jpg,7,-1.1170661,-22.78918
20210413,C:\junha\Datasets\LTDv2\frames\frames\20210413\clip_49_2200\image_0003.jpg,7,-0.555171,-23.158035
20210413,C:\junha\Datasets\LTDv2\frames\frames\20210413\clip_49_2200\image_0004.jpg,7,-0.5656742,-23.187819
20210413,C:\junha\Datasets\LTDv2\frames\frames\20210413\clip_49_2200\image_0005.jpg,7,-0.56393623,-21.583563
20210413,C:\junha\Datasets\LTDv2\frames\frames\20210413\clip_49_2200\image_0006.jpg,7,-0.7963523,-21.383974
20210413,C:\junha\Datasets\LTDv2\frames\frames\20210413\clip_49_2200\image_0007.jpg,7,-1.5337259,-21.85228
20210413,C:\junha\Datasets\LTDv2\frames\frames\20210413\clip_49_2200\image_0008.jpg,7,-1.778129,-22.024311
20210413,C:\junha\Datasets\LTDv2\frames\frames\20210413\clip_49_2200\image_0009.jpg,7,-4.3749595,-24.332186
20210413,C:\junha\Datasets\LTDv2\frames\frames\20210413\clip_49_2200\image_0010.jpg,7,-4.417549,-24.291409
20210413,C:\junha\Datasets\LTDv2\frames\frames\20210413\clip_49_2200\image_0011.jpg,7,-3.3534513,-24.909101
20210413,C:\junha\Datasets\LTDv2\frames\frames\20210413\clip_49_2200\image_0012.jpg,7,-3.2902372,-24.828876
20210413,C:\junha\Datasets\LTDv2\frames\frames\20210413\clip_49_2200\image_0013.jpg,7,-2.626775,-22.927145
20210413,C:\junha\Datasets\LTDv2\frames\frames\20210413\clip_49_2200\image_0014.jpg,7,-2.904027,-22.856716
20210413,C:\junha\Datasets\LTDv2\frames\frames\20210413\clip_49_2200\image_0015.jpg,7,-3.5574725,-23.4936
20210413,C:\junha\Datasets\LTDv2\frames\frames\20210413\clip_49_2200\image_0016.jpg,7,-3.3579504,-23.300611
20210413,C:\junha\Datasets\LTDv2\frames\frames\20210413\clip_49_2200\image_0017.jpg,7,-2.9373999,-23.274118
20210413,C:\junha\Datasets\LTDv2\frames\frames\20210413\clip_49_2200\image_0018.jpg,7,-2.3212078,-22.530636
20210413,C:\junha\Datasets\LTDv2\frames\frames\20210413\clip_49_2200\image_0019.jpg,7,-1.0128312,-22.297441
20210413,C:\junha\Datasets\LTDv2\frames\frames\20210413\clip_49_2200\image_0020.jpg,7,-0.5977347,-22.66959
20210413,C:\junha\Datasets\LTDv2\frames\frames\20210413\clip_49_2200\image_0021.jpg,7,-0.19000249,-22.50144
20210413,C:\junha\Datasets\LTDv2\frames\frames\20210413\clip_49_2200\image_0022.jpg,7,-0.25749063,-22.735466
20210413,C:\junha\Datasets\LTDv2\frames\frames\20210413\clip_49_2200\image_0023.jpg,7,1.2301831,-20.587475
20210413,C:\junha\Datasets\LTDv2\frames\frames\20210413\clip_49_2200\image_0024.jpg,7,1.0966026,-20.70365
20210413,C:\junha\Datasets\LTDv2\frames\frames\20210413\clip_49_2200\image_0025.jpg,7,-4.275313,-17.877462
20210413,C:\junha\Datasets\LTDv2\frames\frames\20210413\clip_49_2200\image_0026.jpg,7,-0.08897032,-21.08109
20210413,C:\junha\Datasets\LTDv2\frames\frames\20210413\clip_49_2200\image_0027.jpg,7,0.7375443,-22.519667
20210413,C:\junha\Datasets\LTDv2\frames\frames\20210413\clip_49_2200\image_0028.jpg,7,0.80308086,-23.387356
20210413,C:\junha\Datasets\LTDv2\frames\frames\20210413\clip_49_2200\image_0029.jpg,7,1.7445511,-25.009188
20210413,C:\junha\Datasets\LTDv2\frames\frames\20210413\clip_49_2200\image_0030.jpg,7,1.4814941,-25.300251
20210413,C:\junha\Datasets\LTDv2\frames\frames\20210413\clip_49_2200\image_0031.jpg,7,0.82906204,-24.424644
20210413,C:\junha\Datasets\LTDv2\frames\frames\20210413\clip_49_2200\image_0032.jpg,7,0.87243676,-24.307144
20210413,C:\junha\Datasets\LTDv2\frames\frames\20210413\clip_49_2200\image_0033.jpg,7,-0.4573163,-25.85978
20210413,C:\junha\Datasets\LTDv2\frames\frames\20210413\clip_49_2200\image_0034.jpg,7,0.44821948,-25.026716
20210413,C:\junha\Datasets\LTDv2\frames\frames\20210413\clip_49_2200\image_0035.jpg,7,0.11482488,-25.908442
20210413,C:\junha\Datasets\LTDv2\frames\frames\20210413\clip_49_2200\image_0036.jpg,7,-0.0016218821,-26.058544
20210413,C:\junha\Datasets\LTDv2\frames\frames\20210413\clip_49_2200\image_0037.jpg,7,1.020314,-25.537806
20210413,C:\junha\Datasets\LTDv2\frames\frames\20210413\clip_49_2200\image_0038.jpg,7,1.1436933,-25.471035
20210413,C:\junha\Datasets\LTDv2\frames\frames\20210413\clip_49_2200\image_0039.jpg,7,1.0917537,-23.645283
20210413,C:\junha\Datasets\LTDv2\frames\frames\20210413\clip_49_2200\image_0040.jpg,7,0.9049988,-23.589119
20210413,C:\junha\Datasets\LTDv2\frames\frames\20210413\clip_49_2200\image_0041.jpg,7,1.0719619,-24.291584
20210413,C:\junha\Datasets\LTDv2\frames\frames\20210413\clip_49_2200\image_0042.jpg,7,1.1996309,-24.212473
20210413,C:\junha\Datasets\LTDv2\frames\frames\20210413\clip_49_2200\image_0043.jpg,7,1.3603973,-23.842072
20210413,C:\junha\Datasets\LTDv2\frames\frames\20210413\clip_49_2200\image_0044.jpg,7,1.7551688,-23.182755
20210413,C:\junha\Datasets\LTDv2\frames\frames\20210413\clip_49_2200\image_0045.jpg,7,1.5639434,-22.975405
20210413,C:\junha\Datasets\LTDv2\frames\frames\20210413\clip_49_2200\image_0046.jpg,7,-0.13363785,-20.499523
20210413,C:\junha\Datasets\LTDv2\frames\frames\20210413\clip_49_2200\image_0047.jpg,7,-1.1274393,-23.987247
20210413,C:\junha\Datasets\LTDv2\frames\frames\20210413\clip_49_2200\image_0048.jpg,7,-0.84822774,-23.69502
20210413,C:\junha\Datasets\LTDv2\frames\frames\20210413\clip_49_2200\image_0049.jpg,7,0.75777894,-20.843666
20210413,C:\junha\Datasets\LTDv2\frames\frames\20210413\clip_49_2200\image_0050.jpg,7,0.022666361,-21.537209
20210413,C:\junha\Datasets\LTDv2\frames\frames\20210413\clip_49_2200\image_0051.jpg,7,-3.1766183,-17.032127
20210413,C:\junha\Datasets\LTDv2\frames\frames\20210413\clip_49_2200\image_0052.jpg,7,-3.1708336,-17.049398
20210413,C:\junha\Datasets\LTDv2\frames\frames\20210413\clip_49_2200\image_0053.jpg,7,-2.83454,-17.027357
20210413,C:\junha\Datasets\LTDv2\frames\frames\20210413\clip_49_2200\image_0054.jpg,7,-2.6601253,-17.097124
20210413,C:\junha\Datasets\LTDv2\frames\frames\20210413\clip_49_2200\image_0055.jpg,7,-2.8288515,-17.224882
20210413,C:\junha\Datasets\LTDv2\frames\frames\20210413\clip_49_2200\image_0056.jpg,7,-2.7811222,-17.298656
20210413,C:\junha\Datasets\LTDv2\frames\frames\20210413\clip_49_2200\image_0057.jpg,7,-2.6624525,-24.347193
20210413,C:\junha\Datasets\LTDv2\frames\frames\20210413\clip_49_2200\image_0058.jpg,7,-1.570729,-23.92502
20210413,C:\junha\Datasets\LTDv2\frames\frames\20210413\clip_49_2200\image_0059.jpg,7,-2.9157746,-24.56994
20210413,C:\junha\Datasets\LTDv2\frames\frames\20210413\clip_49_2200\image_0060.jpg,7,-3.1234717,-24.321726
20210413,C:\junha\Datasets\LTDv2\frames\frames\20210413\clip_49_2200\image_0061.jpg,7,0.5415961,-21.644905
20210413,C:\junha\Datasets\LTDv2\frames\frames\20210413\clip_49_2200\image_0062.jpg,7,0.35098472,-22.084583
20210413,C:\junha\Datasets\LTDv2\frames\frames\20210413\clip_49_2200\image_0063.jpg,7,-0.31268486,-24.807796
20210413,C:\junha\Datasets\LTDv2\frames\frames\20210413\clip_49_2200\image_0064.jpg,7,-2.0175846,-22.807682
20210413,C:\junha\Datasets\LTDv2\frames\frames\20210413\clip_49_2200\image_0065.jpg,7,-3.905041,-23.265406
20210413,C:\junha\Datasets\LTDv2\frames\frames\20210413\clip_49_2200\image_0066.jpg,7,-4.0282326,-22.991058
20210413,C:\junha\Datasets\LTDv2\frames\frames\20210413\clip_49_2200\image_0067.jpg,7,-2.605972,-18.731655
20210413,C:\junha\Datasets\LTDv2\frames\frames\20210413\clip_49_2200\image_0068.jpg,7,-1.4407231,-18.575214
20210413,C:\junha\Datasets\LTDv2\frames\frames\20210413\clip_49_2200\image_0069.jpg,7,-3.8758304,-20.17108
20210413,C:\junha\Datasets\LTDv2\frames\frames\20210413\clip_49_2200\image_0070.jpg,7,-3.894176,-20.167482
20210413,C:\junha\Datasets\LTDv2\frames\frames\20210413\clip_49_2200\image_0071.jpg,7,-4.9364543,-21.887403
20210413,C:\junha\Datasets\LTDv2\frames\frames\20210413\clip_49_2200\image_0072.jpg,7,-5.203451,-21.846483
20210413,C:\junha\Datasets\LTDv2\frames\frames\20210413\clip_49_2200\image_0073.jpg,7,-5.347957,-21.808395
20210413,C:\junha\Datasets\LTDv2\frames\frames\20210413\clip_49_2200\image_0074.jpg,7,-4.8387403,-21.929127
20210413,C:\junha\Datasets\LTDv2\frames\frames\20210413\clip_49_2200\image_0075.jpg,7,-4.914329,-18.905287
20210413,C:\junha\Datasets\LTDv2\frames\frames\20210413\clip_49_2200\image_0076.jpg,7,-5.0627112,-18.902025
20210413,C:\junha\Datasets\LTDv2\frames\frames\20210413\clip_49_2200\image_0077.jpg,7,-4.3729334,-18.935759
20210413,C:\junha\Datasets\LTDv2\frames\frames\20210413\clip_49_2200\image_0078.jpg,7,-3.9837964,-19.047504
20210413,C:\junha\Datasets\LTDv2\frames\frames\20210413\clip_49_2200\image_0079.jpg,7,1.2685883,-24.527586
20210413,C:\junha\Datasets\LTDv2\frames\frames\20210413\clip_49_2200\image_0080.jpg,7,-0.8002398,-19.483965
20210413,C:\junha\Datasets\LTDv2\frames\frames\20210413\clip_49_2200\image_0081.jpg,7,-0.03522829,-18.90489
20210413,C:\junha\Datasets\LTDv2\frames\frames\20210413\clip_49_2200\image_0082.jpg,7,-0.26173958,-18.892761
20210413,C:\junha\Datasets\LTDv2\frames\frames\20210413\clip_49_2200\image_0083.jpg,7,-0.22519976,-19.098242
20210413,C:\junha\Datasets\LTDv2\frames\frames\20210413\clip_49_2200\image_0084.jpg,7,-0.3574663,-19.113434
20210413,C:\junha\Datasets\LTDv2\frames\frames\20210413\clip_49_2200\image_0085.jpg,7,0.5766738,-19.405657
20210413,C:\junha\Datasets\LTDv2\frames\frames\20210413\clip_49_2200\image_0086.jpg,7,0.5379094,-19.267633
20210413,C:\junha\Datasets\LTDv2\frames\frames\20210413\clip_49_2200\image_0087.jpg,7,-0.36610466,-16.38306
20210413,C:\junha\Datasets\LTDv2\frames\frames\20210413\clip_49_2200\image_0088.jpg,7,-0.3436982,-16.621426
20210413,C:\junha\Datasets\LTDv2\frames\frames\20210413\clip_49_2200\image_0089.jpg,7,-1.177704,-17.638811
20210413,C:\junha\Datasets\LTDv2\frames\frames\20210413\clip_49_2200\image_0090.jpg,7,-1.1102327,-17.683435
20210413,C:\junha\Datasets\LTDv2\frames\frames\20210413\clip_49_2200\image_0091.jpg,7,-0.22126324,-17.681768
20210413,C:\junha\Datasets\LTDv2\frames\frames\20210413\clip_49_2200\image_0092.jpg,7,-0.17417195,-17.378683
20210413,C:\junha\Datasets\LTDv2\frames\frames\20210413\clip_49_2200\image_0093.jpg,7,0.670051,-17.20163
20210413,C:\junha\Datasets\LTDv2\frames\frames\20210413\clip_49_2200\image_0094.jpg,7,0.60534704,-17.400953
20210413,C:\junha\Datasets\LTDv2\frames\frames\20210413\clip_49_2200\image_0095.jpg,7,2.1684594,-19.204182
20210413,C:\junha\Datasets\LTDv2\frames\frames\20210413\clip_49_2200\image_0096.jpg,7,2.1942973,-19.176718
20210413,C:\junha\Datasets\LTDv2\frames\frames\20210413\clip_49_2200\image_0097.jpg,7,2.3659444,-20.606522
20210413,C:\junha\Datasets\LTDv2\frames\frames\20210413\clip_49_2200\image_0098.jpg,7,2.328751,-20.549414
20210413,C:\junha\Datasets\LTDv2\frames\frames\20210413\clip_49_2200\image_0099.jpg,7,-6.072006,-19.200603
20210413,C:\junha\Datasets\LTDv2\frames\frames\20210413\clip_49_2200\image_0100.jpg,7,-5.981123,-19.14588
20210413,C:\junha\Datasets\LTDv2\frames\frames\20210413\clip_49_2200\image_0101.jpg,7,-4.783033,-18.275023
20210413,C:\junha\Datasets\LTDv2\frames\frames\20210413\clip_49_2200\image_0102.jpg,7,-4.787269,-18.284948
20210413,C:\junha\Datasets\LTDv2\frames\frames\20210413\clip_49_2200\image_0103.jpg,7,-2.295342,-19.401394
20210413,C:\junha\Datasets\LTDv2\frames\frames\20210413\clip_49_2200\image_0104.jpg,7,-2.0433836,-19.406456
20210413,C:\junha\Datasets\LTDv2\frames\frames\20210413\clip_49_2200\image_0105.jpg,7,-2.031745,-19.10246
20210413,C:\junha\Datasets\LTDv2\frames\frames\20210413\clip_49_2200\image_0106.jpg,7,-2.14772,-19.100498
20210413,C:\junha\Datasets\LTDv2\frames\frames\20210413\clip_49_2200\image_0107.jpg,7,-3.2268546,-19.114674
20210413,C:\junha\Datasets\LTDv2\frames\frames\20210413\clip_49_2200\image_0108.jpg,7,-2.995473,-19.263592
20210413,C:\junha\Datasets\LTDv2\frames\frames\20210413\clip_49_2200\image_0109.jpg,7,-3.6284752,-21.907747
20210413,C:\junha\Datasets\LTDv2\frames\frames\20210413\clip_49_2200\image_0110.jpg,7,-3.6043837,-21.988522
20210413,C:\junha\Datasets\LTDv2\frames\frames\20210413\clip_49_2200\image_0111.jpg,7,-2.753577,-21.932327
20210413,C:\junha\Datasets\LTDv2\frames\frames\20210413\clip_49_2200\image_0112.jpg,7,-2.9266438,-21.313644
20210413,C:\junha\Datasets\LTDv2\frames\frames\20210413\clip_49_2200\image_0113.jpg,7,-2.7689228,-21.62739
20210413,C:\junha\Datasets\LTDv2\frames\frames\20210413\clip_49_2200\image_0114.jpg,7,-2.710926,-21.117092
20210413,C:\junha\Datasets\LTDv2\frames\frames\20210413\clip_49_2200\image_0115.jpg,7,-3.1081493,-20.339071
20210413,C:\junha\Datasets\LTDv2\frames\frames\20210413\clip_49_2200\image_0116.jpg,7,-1.4386088,-20.554935
20210413,C:\junha\Datasets\LTDv2\frames\frames\20210413\clip_49_2200\image_0117.jpg,7,-1.5099405,-15.684656
20210413,C:\junha\Datasets\LTDv2\frames\frames\20210413\clip_49_2200\image_0118.jpg,7,-1.5129745,-15.618236
20210413,C:\junha\Datasets\LTDv2\frames\frames\20210413\clip_49_2200\image_0119.jpg,7,0.53304905,-16.53177
20210413,C:\junha\Datasets\LTDv2\frames\frames\20210413\clip_4_0152\image_0000.jpg,1,-54.223904,-38.058437
20210413,C:\junha\Datasets\LTDv2\frames\frames\20210413\clip_4_0152\image_0001.jpg,1,-54.301983,-37.993317
20210413,C:\junha\Datasets\LTDv2\frames\frames\20210413\clip_4_0152\image_0002.jpg,1,-54.412544,-37.98399
20210413,C:\junha\Datasets\LTDv2\frames\frames\20210413\clip_4_0152\image_0003.jpg,1,-52.086002,-40.70804
20210413,C:\junha\Datasets\LTDv2\frames\frames\20210413\clip_4_0152\image_0004.jpg,1,-51.968834,-39.688145
20210413,C:\junha\Datasets\LTDv2\frames\frames\20210413\clip_4_0152\image_0005.jpg,1,-50.97816,-38.566868
20210413,C:\junha\Datasets\LTDv2\frames\frames\20210413\clip_4_0152\image_0006.jpg,1,-51.131245,-38.64583
20210413,C:\junha\Datasets\LTDv2\frames\frames\20210413\clip_4_0152\image_0007.jpg,1,-50.85922,-38.59356
20210413,C:\junha\Datasets\LTDv2\frames\frames\20210413\clip_4_0152\image_0008.jpg,1,-50.74017,-38.452774
20210413,C:\junha\Datasets\LTDv2\frames\frames\20210413\clip_4_0152\image_0009.jpg,1,-53.31208,-39.339867
20210413,C:\junha\Datasets\LTDv2\frames\frames\20210413\clip_4_0152\image_0010.jpg,1,-53.35294,-39.382378
20210413,C:\junha\Datasets\LTDv2\frames\frames\20210413\clip_4_0152\image_0011.jpg,1,-53.645397,-39.262573
20210413,C:\junha\Datasets\LTDv2\frames\frames\20210413\clip_4_0152\image_0012.jpg,1,-53.611607,-39.288284
20210413,C:\junha\Datasets\LTDv2\frames\frames\20210413\clip_4_0152\image_0013.jpg,1,-57.906994,-38.623455
20210413,C:\junha\Datasets\LTDv2\frames\frames\20210413\clip_4_0152\image_0014.jpg,1,-57.88918,-38.59413
20210413,C:\junha\Datasets\LTDv2\frames\frames\20210413\clip_4_0152\image_0015.jpg,1,-55.494415,-39.1382
20210413,C:\junha\Datasets\LTDv2\frames\frames\20210413\clip_4_0152\image_0016.jpg,1,-55.485104,-39.284573
20210413,C:\junha\Datasets\LTDv2\frames\frames\20210413\clip_4_0152\image_0017.jpg,1,-52.936714,-40.254784
20210413,C:\junha\Datasets\LTDv2\frames\frames\20210413\clip_4_0152\image_0018.jpg,1,-52.965862,-40.168488
20210413,C:\junha\Datasets\LTDv2\frames\frames\20210413\clip_4_0152\image_0019.jpg,1,-55.26358,-41.33053
20210413,C:\junha\Datasets\LTDv2\frames\frames\20210413\clip_4_0152\image_0020.jpg,1,-55.669746,-41.25715
20210413,C:\junha\Datasets\LTDv2\frames\frames\20210413\clip_4_0152\image_0021.jpg,1,-55.86785,-40.40581
20210413,C:\junha\Datasets\LTDv2\frames\frames\20210413\clip_4_0152\image_0022.jpg,1,-55.717968,-40.31857
20210413,C:\junha\Datasets\LTDv2\frames\frames\20210413\clip_4_0152\image_0023.jpg,1,-51.024837,-40.12958
20210413,C:\junha\Datasets\LTDv2\frames\frames\20210413\clip_4_0152\image_0024.jpg,1,-50.975677,-40.19838
20210413,C:\junha\Datasets\LTDv2\frames\frames\20210413\clip_4_0152\image_0025.jpg,1,-56.624603,-39.42871
20210413,C:\junha\Datasets\LTDv2\frames\frames\20210413\clip_4_0152\image_0026.jpg,1,-56.81486,-39.33965
20210413,C:\junha\Datasets\LTDv2\frames\frames\20210413\clip_4_0152\image_0027.jpg,1,-58.651684,-37.81827
20210413,C:\junha\Datasets\LTDv2\frames\frames\20210413\clip_4_0152\image_0028.jpg,1,-58.717564,-37.778988
20210413,C:\junha\Datasets\LTDv2\frames\frames\20210413\clip_4_0152\image_0029.jpg,1,-58.15398,-38.923008
20210413,C:\junha\Datasets\LTDv2\frames\frames\20210413\clip_4_0152\image_0030.jpg,1,-60.466187,-38.195778
20210413,C:\junha\Datasets\LTDv2\frames\frames\20210413\clip_4_0152\image_0031.jpg,1,-59.236282,-38.791706
20210413,C:\junha\Datasets\LTDv2\frames\frames\20210413\clip_4_0152\image_0032.jpg,1,-58.958427,-38.630234
20210413,C:\junha\Datasets\LTDv2\frames\frames\20210413\clip_4_0152\image_0033.jpg,1,-61.02693,-42.16765
20210413,C:\junha\Datasets\LTDv2\frames\frames\20210413\clip_4_0152\image_0034.jpg,1,-60.87491,-42.23876
20210413,C:\junha\Datasets\LTDv2\frames\frames\20210413\clip_4_0152\image_0035.jpg,1,-58.391457,-39.889442
20210413,C:\junha\Datasets\LTDv2\frames\frames\20210413\clip_4_0152\image_0036.jpg,1,-58.31917,-39.401352
20210413,C:\junha\Datasets\LTDv2\frames\frames\20210413\clip_4_0152\image_0037.jpg,1,-58.044464,-39.92303
20210413,C:\junha\Datasets\LTDv2\frames\frames\20210413\clip_4_0152\image_0038.jpg,1,-57.77131,-39.404972
20210413,C:\junha\Datasets\LTDv2\frames\frames\20210413\clip_4_0152\image_0039.jpg,1,-60.65304,-39.558277
20210413,C:\junha\Datasets\LTDv2\frames\frames\20210413\clip_4_0152\image_0040.jpg,1,-60.558098,-39.377476
20210413,C:\junha\Datasets\LTDv2\frames\frames\20210413\clip_4_0152\image_0041.jpg,1,-59.185806,-39.111134
20210413,C:\junha\Datasets\LTDv2\frames\frames\20210413\clip_4_0152\image_0042.jpg,1,-60.023556,-39.308895
20210413,C:\junha\Datasets\LTDv2\frames\frames\20210413\clip_4_0152\image_0043.jpg,1,-60.313683,-37.99078
20210413,C:\junha\Datasets\LTDv2\frames\frames\20210413\clip_4_0152\image_0044.jpg,1,-60.44495,-38.15942
20210413,C:\junha\Datasets\LTDv2\frames\frames\20210413\clip_4_0152\image_0045.jpg,1,-60.547195,-38.830757
20210413,C:\junha\Datasets\LTDv2\frames\frames\20210413\clip_4_0152\image_0046.jpg,1,-60.681633,-38.840878
20210413,C:\junha\Datasets\LTDv2\frames\frames\20210413\clip_4_0152\image_0047.jpg,1,-58.063213,-42.204685
20210413,C:\junha\Datasets\LTDv2\frames\frames\20210413\clip_4_0152\image_0048.jpg,1,-57.978836,-42.31998
20210413,C:\junha\Datasets\LTDv2\frames\frames\20210413\clip_4_0152\image_0049.jpg,1,-60.848343,-42.807877
20210413,C:\junha\Datasets\LTDv2\frames\frames\20210413\clip_4_0152\image_0050.jpg,1,-60.602097,-43.263
20210413,C:\junha\Datasets\LTDv2\frames\frames\20210413\clip_4_0152\image_0051.jpg,1,-59.11407,-41.351025
20210413,C:\junha\Datasets\LTDv2\frames\frames\20210413\clip_4_0152\image_0052.jpg,1,-58.72277,-41.662304
20210413,C:\junha\Datasets\LTDv2\frames\frames\20210413\clip_4_0152\image_0053.jpg,1,-58.067383,-41.704895
20210413,C:\junha\Datasets\LTDv2\frames\frames\20210413\clip_4_0152\image_0054.jpg,1,-58.31047,-41.94259
20210413,C:\junha\Datasets\LTDv2\frames\frames\20210413\clip_4_0152\image_0055.jpg,1,-55.564236,-43.244217
20210413,C:\junha\Datasets\LTDv2\frames\frames\20210413\clip_4_0152\image_0056.jpg,1,-55.334587,-43.245674
20210413,C:\junha\Datasets\LTDv2\frames\frames\20210413\clip_4_0152\image_0057.jpg,1,-51.25318,-41.38674
20210413,C:\junha\Datasets\LTDv2\frames\frames\20210413\clip_4_0152\image_0058.jpg,1,-52.2132,-41.196575
20210413,C:\junha\Datasets\LTDv2\frames\frames\20210413\clip_4_0152\image_0059.jpg,1,-54.400196,-41.844532
20210413,C:\junha\Datasets\LTDv2\frames\frames\20210413\clip_4_0152\image_0060.jpg,1,-54.465294,-41.896137
20210413,C:\junha\Datasets\LTDv2\frames\frames\20210413\clip_4_0152\image_0061.jpg,1,-54.248653,-41.525475
20210413,C:\junha\Datasets\LTDv2\frames\frames\20210413\clip_4_0152\image_0062.jpg,1,-54.304077,-41.4758
20210413,C:\junha\Datasets\LTDv2\frames\frames\20210413\clip_4_0152\image_0063.jpg,1,-54.75401,-41.51431
20210413,C:\junha\Datasets\LTDv2\frames\frames\20210413\clip_4_0152\image_0064.jpg,1,-54.069054,-41.300114
20210413,C:\junha\Datasets\LTDv2\frames\frames\20210413\clip_4_0152\image_0065.jpg,1,-56.151688,-42.167988
20210413,C:\junha\Datasets\LTDv2\frames\frames\20210413\clip_4_0152\image_0066.jpg,1,-56.483624,-42.07788
20210413,C:\junha\Datasets\LTDv2\frames\frames\20210413\clip_4_0152\image_0067.jpg,1,-50.60279,-41.13741
20210413,C:\junha\Datasets\LTDv2\frames\frames\20210413\clip_4_0152\image_0068.jpg,1,-50.58378,-41.106598
20210413,C:\junha\Datasets\LTDv2\frames\frames\20210413\clip_4_0152\image_0069.jpg,1,-49.6771,-41.312725
20210413,C:\junha\Datasets\LTDv2\frames\frames\20210413\clip_4_0152\image_0070.jpg,1,-49.62667,-41.210518
20210413,C:\junha\Datasets\LTDv2\frames\frames\20210413\clip_4_0152\image_0071.jpg,1,-51.33661,-41.169373
20210413,C:\junha\Datasets\LTDv2\frames\frames\20210413\clip_4_0152\image_0072.jpg,1,-53.385418,-40.60455
20210413,C:\junha\Datasets\LTDv2\frames\frames\20210413\clip_4_0152\image_0073.jpg,1,-50.260265,-41.22394
20210413,C:\junha\Datasets\LTDv2\frames\frames\20210413\clip_4_0152\image_0074.jpg,1,-50.627647,-41.582634
20210413,C:\junha\Datasets\LTDv2\frames\frames\20210413\clip_4_0152\image_0075.jpg,1,-50.447403,-42.21888
20210413,C:\junha\Datasets\LTDv2\frames\frames\20210413\clip_4_0152\image_0076.jpg,1,-50.382797,-42.182034
20210413,C:\junha\Datasets\LTDv2\frames\frames\20210413\clip_4_0152\image_0077.jpg,1,-52.09193,-41.431183
20210413,C:\junha\Datasets\LTDv2\frames\frames\20210413\clip_4_0152\image_0078.jpg,1,-52.267162,-41.485252
20210413,C:\junha\Datasets\LTDv2\frames\frames\20210413\clip_4_0152\image_0079.jpg,1,-50.881065,-42.253838
20210413,C:\junha\Datasets\LTDv2\frames\frames\20210413\clip_4_0152\image_0080.jpg,1,-51.6463,-42.214375
20210413,C:\junha\Datasets\LTDv2\frames\frames\20210413\clip_4_0152\image_0081.jpg,1,-50.965004,-42.67366
20210413,C:\junha\Datasets\LTDv2\frames\frames\20210413\clip_4_0152\image_0082.jpg,1,-50.86614,-42.61041
20210413,C:\junha\Datasets\LTDv2\frames\frames\20210413\clip_4_0152\image_0083.jpg,1,-54.230698,-42.92508
20210413,C:\junha\Datasets\LTDv2\frames\frames\20210413\clip_4_0152\image_0084.jpg,1,-54.491447,-43.047054
20210413,C:\junha\Datasets\LTDv2\frames\frames\20210413\clip_4_0152\image_0085.jpg,1,-57.59059,-39.417694
20210413,C:\junha\Datasets\LTDv2\frames\frames\20210413\clip_4_0152\image_0086.jpg,1,-58.330944,-39.962727
20210413,C:\junha\Datasets\LTDv2\frames\frames\20210413\clip_4_0152\image_0087.jpg,1,-57.29558,-42.283752
20210413,C:\junha\Datasets\LTDv2\frames\frames\20210413\clip_4_0152\image_0088.jpg,1,-57.356495,-41.440662
20210413,C:\junha\Datasets\LTDv2\frames\frames\20210413\clip_4_0152\image_0089.jpg,1,-52.362198,-42.665745
20210413,C:\junha\Datasets\LTDv2\frames\frames\20210413\clip_4_0152\image_0090.jpg,1,-57.089878,-43.345905
20210413,C:\junha\Datasets\LTDv2\frames\frames\20210413\clip_4_0152\image_0091.jpg,1,-58.20253,-42.71636
20210413,C:\junha\Datasets\LTDv2\frames\frames\20210413\clip_4_0152\image_0092.jpg,1,-58.570107,-42.71756
20210413,C:\junha\Datasets\LTDv2\frames\frames\20210413\clip_4_0152\image_0093.jpg,1,-59.005913,-42.981426
20210413,C:\junha\Datasets\LTDv2\frames\frames\20210413\clip_4_0152\image_0094.jpg,1,-59.002075,-42.98832
20210413,C:\junha\Datasets\LTDv2\frames\frames\20210413\clip_4_0152\image_0095.jpg,1,-58.309616,-40.832035
20210413,C:\junha\Datasets\LTDv2\frames\frames\20210413\clip_4_0152\image_0096.jpg,1,-58.247044,-40.837868
20210413,C:\junha\Datasets\LTDv2\frames\frames\20210413\clip_4_0152\image_0097.jpg,1,-59.915337,-42.867897
20210413,C:\junha\Datasets\LTDv2\frames\frames\20210413\clip_4_0152\image_0098.jpg,1,-59.86312,-42.781292
20210413,C:\junha\Datasets\LTDv2\frames\frames\20210413\clip_4_0152\image_0099.jpg,1,-61.474964,-41.20928
20210413,C:\junha\Datasets\LTDv2\frames\frames\20210413\clip_4_0152\image_0100.jpg,1,-61.40575,-41.04532
20210413,C:\junha\Datasets\LTDv2\frames\frames\20210413\clip_4_0152\image_0101.jpg,1,-60.72571,-40.192333
20210413,C:\junha\Datasets\LTDv2\frames\frames\20210413\clip_4_0152\image_0102.jpg,1,-60.352924,-39.842163
20210413,C:\junha\Datasets\LTDv2\frames\frames\20210413\clip_4_0152\image_0103.jpg,1,-60.247326,-40.995064
20210413,C:\junha\Datasets\LTDv2\frames\frames\20210413\clip_4_0152\image_0104.jpg,1,-60.055183,-40.957424
20210413,C:\junha\Datasets\LTDv2\frames\frames\20210413\clip_4_0152\image_0105.jpg,1,-56.622604,-37.63559
20210413,C:\junha\Datasets\LTDv2\frames\frames\20210413\clip_4_0152\image_0106.jpg,1,-56.671658,-37.65377
20210413,C:\junha\Datasets\LTDv2\frames\frames\20210413\clip_4_0152\image_0107.jpg,1,-59.971115,-41.04044
20210413,C:\junha\Datasets\LTDv2\frames\frames\20210413\clip_4_0152\image_0108.jpg,1,-61.517475,-41.163513
20210413,C:\junha\Datasets\LTDv2\frames\frames\20210413\clip_4_0152\image_0109.jpg,1,-59.53482,-41.712627
20210413,C:\junha\Datasets\LTDv2\frames\frames\20210413\clip_4_0152\image_0110.jpg,1,-59.66431,-41.6261
20210413,C:\junha\Datasets\LTDv2\frames\frames\20210413\clip_4_0152\image_0111.jpg,1,-59.407177,-42.233173
20210413,C:\junha\Datasets\LTDv2\frames\frames\20210413\clip_4_0152\image_0112.jpg,1,-59.79009,-43.01596
20210413,C:\junha\Datasets\LTDv2\frames\frames\20210413\clip_4_0152\image_0113.jpg,1,-59.12163,-44.042534
20210413,C:\junha\Datasets\LTDv2\frames\frames\20210413\clip_4_0152\image_0114.jpg,1,-58.979904,-43.95384
20210413,C:\junha\Datasets\LTDv2\frames\frames\20210413\clip_4_0152\image_0115.jpg,1,-57.542007,-44.092903
20210413,C:\junha\Datasets\LTDv2\frames\frames\20210413\clip_4_0152\image_0116.jpg,1,-57.582993,-44.153465
20210413,C:\junha\Datasets\LTDv2\frames\frames\20210413\clip_4_0152\image_0117.jpg,1,-57.61396,-43.653984
20210413,C:\junha\Datasets\LTDv2\frames\frames\20210413\clip_4_0152\image_0118.jpg,1,-57.50225,-43.665264
20210413,C:\junha\Datasets\LTDv2\frames\frames\20210413\clip_4_0152\image_0119.jpg,1,-52.225353,-42.626083
20210413,C:\junha\Datasets\LTDv2\frames\frames\20210413\clip_50_2228\image_0000.jpg,7,78.37763,-0.5881322
20210413,C:\junha\Datasets\LTDv2\frames\frames\20210413\clip_50_2228\image_0001.jpg,0,78.34168,-0.54001117
20210413,C:\junha\Datasets\LTDv2\frames\frames\20210413\clip_50_2228\image_0002.jpg,7,78.20659,0.23791115
20210413,C:\junha\Datasets\LTDv2\frames\frames\20210413\clip_50_2228\image_0003.jpg,7,78.32246,0.26236558
20210413,C:\junha\Datasets\LTDv2\frames\frames\20210413\clip_50_2228\image_0004.jpg,7,77.76614,0.8323179
20210413,C:\junha\Datasets\LTDv2\frames\frames\20210413\clip_50_2228\image_0005.jpg,7,77.79954,0.7723419
20210413,C:\junha\Datasets\LTDv2\frames\frames\20210413\clip_50_2228\image_0006.jpg,0,77.63272,0.8118753
20210413,C:\junha\Datasets\LTDv2\frames\frames\20210413\clip_50_2228\image_0007.jpg,0,77.50313,1.0518721
20210413,C:\junha\Datasets\LTDv2\frames\frames\20210413\clip_50_2228\image_0008.jpg,0,78.402245,2.1008663
20210413,C:\junha\Datasets\LTDv2\frames\frames\20210413\clip_50_2228\image_0009.jpg,7,77.980545,-0.2718192
20210413,C:\junha\Datasets\LTDv2\frames\frames\20210413\clip_50_2228\image_0010.jpg,0,77.613846,3.0110593
20210413,C:\junha\Datasets\LTDv2\frames\frames\20210413\clip_50_2228\image_0011.jpg,0,77.73291,3.2585359
20210413,C:\junha\Datasets\LTDv2\frames\frames\20210413\clip_50_2228\image_0012.jpg,0,78.09296,2.6633217
20210413,C:\junha\Datasets\LTDv2\frames\frames\20210413\clip_50_2228\image_0013.jpg,0,78.17194,2.4166634
20210413,C:\junha\Datasets\LTDv2\frames\frames\20210413\clip_50_2228\image_0014.jpg,7,76.70249,-0.28540412
20210413,C:\junha\Datasets\LTDv2\frames\frames\20210413\clip_50_2228\image_0015.jpg,0,76.62471,-0.21873322
20210413,C:\junha\Datasets\LTDv2\frames\frames\20210413\clip_50_2228\image_0016.jpg,0,77.37746,1.8444713
20210413,C:\junha\Datasets\LTDv2\frames\frames\20210413\clip_50_2228\image_0017.jpg,0,77.440216,1.9174252
20210413,C:\junha\Datasets\LTDv2\frames\frames\20210413\clip_50_2228\image_0018.jpg,0,77.678474,2.7105818
20210413,C:\junha\Datasets\LTDv2\frames\frames\20210413\clip_50_2228\image_0019.jpg,7,78.34304,0.68559563
20210413,C:\junha\Datasets\LTDv2\frames\frames\20210413\clip_50_2228\image_0020.jpg,0,76.17012,2.194122
20210413,C:\junha\Datasets\LTDv2\frames\frames\20210413\clip_50_2228\image_0021.jpg,0,76.23122,2.1267376
20210413,C:\junha\Datasets\LTDv2\frames\frames\20210413\clip_50_2228\image_0022.jpg,0,75.630974,2.6403925
20210413,C:\junha\Datasets\LTDv2\frames\frames\20210413\clip_50_2228\image_0023.jpg,0,75.633026,2.559217
20210413,C:\junha\Datasets\LTDv2\frames\frames\20210413\clip_50_2228\image_0024.jpg,0,75.41085,3.27146
20210413,C:\junha\Datasets\LTDv2\frames\frames\20210413\clip_50_2228\image_0025.jpg,0,75.462906,3.278653
20210413,C:\junha\Datasets\LTDv2\frames\frames\20210413\clip_50_2228\image_0026.jpg,0,73.143,2.7788055
20210413,C:\junha\Datasets\LTDv2\frames\frames\20210413\clip_50_2228\image_0027.jpg,7,72.90027,2.9340575
20210413,C:\junha\Datasets\LTDv2\frames\frames\20210413\clip_50_2228\image_0028.jpg,7,74.08148,3.8723803
20210413,C:\junha\Datasets\LTDv2\frames\frames\20210413\clip_50_2228\image_0029.jpg,7,-12.607369,-13.847628
20210413,C:\junha\Datasets\LTDv2\frames\frames\20210413\clip_50_2228\image_0030.jpg,7,74.597885,3.711813
20210413,C:\junha\Datasets\LTDv2\frames\frames\20210413\clip_50_2228\image_0031.jpg,7,-9.506466,-10.49085
20210413,C:\junha\Datasets\LTDv2\frames\frames\20210413\clip_50_2228\image_0032.jpg,7,-10.84351,-8.97136
20210413,C:\junha\Datasets\LTDv2\frames\frames\20210413\clip_50_2228\image_0033.jpg,7,-11.256837,-9.160026
20210413,C:\junha\Datasets\LTDv2\frames\frames\20210413\clip_50_2228\image_0034.jpg,7,-11.986387,-10.106499
20210413,C:\junha\Datasets\LTDv2\frames\frames\20210413\clip_50_2228\image_0035.jpg,7,-12.400846,-10.557647
20210413,C:\junha\Datasets\LTDv2\frames\frames\20210413\clip_50_2228\image_0036.jpg,7,-12.341619,-10.83548
20210413,C:\junha\Datasets\LTDv2\frames\frames\20210413\clip_50_2228\image_0037.jpg,7,-12.519176,-11.236663
20210413,C:\junha\Datasets\LTDv2\frames\frames\20210413\clip_50_2228\image_0038.jpg,7,-11.739196,-10.915892
20210413,C:\junha\Datasets\LTDv2\frames\frames\20210413\clip_50_2228\image_0039.jpg,7,-10.767746,-9.495109
20210413,C:\junha\Datasets\LTDv2\frames\frames\20210413\clip_50_2228\image_0040.jpg,7,-10.387641,-9.775496
20210413,C:\junha\Datasets\LTDv2\frames\frames\20210413\clip_50_2228\image_0041.jpg,7,-10.267285,-9.790768
20210413,C:\junha\Datasets\LTDv2\frames\frames\20210413\clip_50_2228\image_0042.jpg,7,-12.656201,-10.222307
20210413,C:\junha\Datasets\LTDv2\frames\frames\20210413\clip_50_2228\image_0043.jpg,7,-12.660931,-10.233599
20210413,C:\junha\Datasets\LTDv2\frames\frames\20210413\clip_50_2228\image_0044.jpg,7,-11.825531,-8.631496
20210413,C:\junha\Datasets\LTDv2\frames\frames\20210413\clip_50_2228\image_0045.jpg,7,-11.549844,-8.482381
20210413,C:\junha\Datasets\LTDv2\frames\frames\20210413\clip_50_2228\image_0046.jpg,7,-12.796904,-8.656844
20210413,C:\junha\Datasets\LTDv2\frames\frames\20210413\clip_50_2228\image_0047.jpg,7,-12.703408,-8.809657
20210413,C:\junha\Datasets\LTDv2\frames\frames\20210413\clip_50_2228\image_0048.jpg,7,-13.17644,-10.219865
20210413,C:\junha\Datasets\LTDv2\frames\frames\20210413\clip_50_2228\image_0049.jpg,7,-12.346792,-9.716485
20210413,C:\junha\Datasets\LTDv2\frames\frames\20210413\clip_50_2228\image_0050.jpg,7,-13.125288,-10.320463
20210413,C:\junha\Datasets\LTDv2\frames\frames\20210413\clip_50_2228\image_0051.jpg,7,-13.409978,-10.226
20210413,C:\junha\Datasets\LTDv2\frames\frames\20210413\clip_50_2228\image_0052.jpg,7,-11.407573,-11.601368
20210413,C:\junha\Datasets\LTDv2\frames\frames\20210413\clip_50_2228\image_0053.jpg,7,-11.36525,-11.674638
20210413,C:\junha\Datasets\LTDv2\frames\frames\20210413\clip_50_2228\image_0054.jpg,7,-9.826207,-11.374873
20210413,C:\junha\Datasets\LTDv2\frames\frames\20210413\clip_50_2228\image_0055.jpg,7,-15.818391,-7.0419145
20210413,C:\junha\Datasets\LTDv2\frames\frames\20210413\clip_50_2228\image_0056.jpg,7,-15.970038,-7.125766
20210413,C:\junha\Datasets\LTDv2\frames\frames\20210413\clip_50_2228\image_0057.jpg,7,-15.96608,-7.140906
20210413,C:\junha\Datasets\LTDv2\frames\frames\20210413\clip_50_2228\image_0058.jpg,7,-15.904558,-7.223723
20210413,C:\junha\Datasets\LTDv2\frames\frames\20210413\clip_50_2228\image_0059.jpg,7,-15.822702,-7.729949
20210413,C:\junha\Datasets\LTDv2\frames\frames\20210413\clip_50_2228\image_0060.jpg,7,-14.560464,-6.294459
20210413,C:\junha\Datasets\LTDv2\frames\frames\20210413\clip_50_2228\image_0061.jpg,7,-9.633355,-6.220882
20210413,C:\junha\Datasets\LTDv2\frames\frames\20210413\clip_50_2228\image_0062.jpg,7,-10.047726,-7.2300906
20210413,C:\junha\Datasets\LTDv2\frames\frames\20210413\clip_50_2228\image_0063.jpg,7,-10.166052,-6.081173
20210413,C:\junha\Datasets\LTDv2\frames\frames\20210413\clip_50_2228\image_0064.jpg,7,-11.344706,-5.9984446
20210413,C:\junha\Datasets\LTDv2\frames\frames\20210413\clip_50_2228\image_0065.jpg,7,-10.877942,-5.981269
20210413,C:\junha\Datasets\LTDv2\frames\frames\20210413\clip_50_2228\image_0066.jpg,7,-9.980062,-7.1117396
20210413,C:\junha\Datasets\LTDv2\frames\frames\20210413\clip_50_2228\image_0067.jpg,7,-9.894456,-6.7055163
20210413,C:\junha\Datasets\LTDv2\frames\frames\20210413\clip_50_2228\image_0068.jpg,7,-10.547981,-5.900585
20210413,C:\junha\Datasets\LTDv2\frames\frames\20210413\clip_50_2228\image_0069.jpg,7,-11.3591175,-6.0830307
20210413,C:\junha\Datasets\LTDv2\frames\frames\20210413\clip_50_2228\image_0070.jpg,7,-9.719809,-6.2209334
20210413,C:\junha\Datasets\LTDv2\frames\frames\20210413\clip_50_2228\image_0071.jpg,7,-8.809158,-6.553014
20210413,C:\junha\Datasets\LTDv2\frames\frames\20210413\clip_50_2228\image_0072.jpg,7,-8.429157,-6.509092
20210413,C:\junha\Datasets\LTDv2\frames\frames\20210413\clip_50_2228\image_0073.jpg,7,-8.817663,-6.2004604
20210413,C:\junha\Datasets\LTDv2\frames\frames\20210413\clip_50_2228\image_0074.jpg,7,-14.182626,-7.2171335
20210413,C:\junha\Datasets\LTDv2\frames\frames\20210413\clip_50_2228\image_0075.jpg,7,-13.969264,-7.256617
20210413,C:\junha\Datasets\LTDv2\frames\frames\20210413\clip_50_2228\image_0076.jpg,7,-8.489617,-7.1145487
20210413,C:\junha\Datasets\LTDv2\frames\frames\20210413\clip_50_2228\image_0077.jpg,7,-8.476576,-7.0672894
20210413,C:\junha\Datasets\LTDv2\frames\frames\20210413\clip_50_2228\image_0078.jpg,7,-14.055157,-11.568541
20210413,C:\junha\Datasets\LTDv2\frames\frames\20210413\clip_50_2228\image_0079.jpg,7,-13.804893,-11.365348
20210413,C:\junha\Datasets\LTDv2\frames\frames\20210413\clip_50_2228\image_0080.jpg,7,-14.044895,-11.817506
20210413,C:\junha\Datasets\LTDv2\frames\frames\20210413\clip_50_2228\image_0081.jpg,7,-13.579295,-11.679233
20210413,C:\junha\Datasets\LTDv2\frames\frames\20210413\clip_50_2228\image_0082.jpg,7,-11.0610895,-11.114088
20210413,C:\junha\Datasets\LTDv2\frames\frames\20210413\clip_50_2228\image_0083.jpg,7,-10.977246,-11.125711
20210413,C:\junha\Datasets\LTDv2\frames\frames\20210413\clip_50_2228\image_0084.jpg,7,-10.069818,-10.600273
20210413,C:\junha\Datasets\LTDv2\frames\frames\20210413\clip_50_2228\image_0085.jpg,7,-10.032379,-10.611245
20210413,C:\junha\Datasets\LTDv2\frames\frames\20210413\clip_50_2228\image_0086.jpg,7,-12.28733,-7.4556594
20210413,C:\junha\Datasets\LTDv2\frames\frames\20210413\clip_50_2228\image_0087.jpg,7,-12.314864,-7.391585
20210413,C:\junha\Datasets\LTDv2\frames\frames\20210413\clip_50_2228\image_0088.jpg,7,-12.045509,-6.992967
20210413,C:\junha\Datasets\LTDv2\frames\frames\20210413\clip_50_2228\image_0089.jpg,7,-11.741247,-7.352955
20210413,C:\junha\Datasets\LTDv2\frames\frames\20210413\clip_50_2228\image_0090.jpg,7,-13.036064,-6.358392
20210413,C:\junha\Datasets\LTDv2\frames\frames\20210413\clip_50_2228\image_0091.jpg,7,-13.046089,-6.2301416
20210413,C:\junha\Datasets\LTDv2\frames\frames\20210413\clip_50_2228\image_0092.jpg,7,-12.884751,-6.416508
20210413,C:\junha\Datasets\LTDv2\frames\frames\20210413\clip_50_2228\image_0093.jpg,7,-12.880234,-6.330485
20210413,C:\junha\Datasets\LTDv2\frames\frames\20210413\clip_50_2228\image_0094.jpg,7,-12.704488,-5.485426
20210413,C:\junha\Datasets\LTDv2\frames\frames\20210413\clip_50_2228\image_0095.jpg,7,-12.702587,-5.5794263
20210413,C:\junha\Datasets\LTDv2\frames\frames\20210413\clip_50_2228\image_0096.jpg,7,-12.350312,-7.5420036
20210413,C:\junha\Datasets\LTDv2\frames\frames\20210413\clip_50_2228\image_0097.jpg,7,-12.156156,-7.782146
20210413,C:\junha\Datasets\LTDv2\frames\frames\20210413\clip_50_2228\image_0098.jpg,7,-13.2123995,-7.9224997
20210413,C:\junha\Datasets\LTDv2\frames\frames\20210413\clip_50_2228\image_0099.jpg,7,-13.574938,-8.680645
20210413,C:\junha\Datasets\LTDv2\frames\frames\20210413\clip_50_2228\image_0100.jpg,7,-13.492364,-9.994919
20210413,C:\junha\Datasets\LTDv2\frames\frames\20210413\clip_50_2228\image_0101.jpg,7,-13.53596,-9.8740425
20210413,C:\junha\Datasets\LTDv2\frames\frames\20210413\clip_50_2228\image_0102.jpg,7,-13.275764,-9.408577
20210413,C:\junha\Datasets\LTDv2\frames\frames\20210413\clip_50_2228\image_0103.jpg,7,-13.261376,-9.376494
20210413,C:\junha\Datasets\LTDv2\frames\frames\20210413\clip_50_2228\image_0104.jpg,7,-14.351589,-9.736501
20210413,C:\junha\Datasets\LTDv2\frames\frames\20210413\clip_50_2228\image_0105.jpg,7,-14.471029,-9.787146
20210413,C:\junha\Datasets\LTDv2\frames\frames\20210413\clip_50_2228\image_0106.jpg,7,-12.410994,-9.42561
20210413,C:\junha\Datasets\LTDv2\frames\frames\20210413\clip_50_2228\image_0107.jpg,7,-12.738194,-9.336321
20210413,C:\junha\Datasets\LTDv2\frames\frames\20210413\clip_50_2228\image_0108.jpg,7,-12.856452,-8.26771
20210413,C:\junha\Datasets\LTDv2\frames\frames\20210413\clip_50_2228\image_0109.jpg,7,-10.363563,-8.25955
20210413,C:\junha\Datasets\LTDv2\frames\frames\20210413\clip_50_2228\image_0110.jpg,7,-10.0293255,-8.208409
20210413,C:\junha\Datasets\LTDv2\frames\frames\20210413\clip_50_2228\image_0111.jpg,7,-9.623367,-8.264485
20210413,C:\junha\Datasets\LTDv2\frames\frames\20210413\clip_50_2228\image_0112.jpg,7,-14.697304,-9.039249
20210413,C:\junha\Datasets\LTDv2\frames\frames\20210413\clip_50_2228\image_0113.jpg,7,-14.67546,-9.157229
20210413,C:\junha\Datasets\LTDv2\frames\frames\20210413\clip_50_2228\image_0114.jpg,7,-9.281827,-8.663977
20210413,C:\junha\Datasets\LTDv2\frames\frames\20210413\clip_50_2228\image_0115.jpg,7,-9.474641,-8.569956
20210413,C:\junha\Datasets\LTDv2\frames\frames\20210413\clip_50_2228\image_0116.jpg,7,-8.921102,-8.840041
20210413,C:\junha\Datasets\LTDv2\frames\frames\20210413\clip_50_2228\image_0117.jpg,7,-8.881197,-8.877726
20210413,C:\junha\Datasets\LTDv2\frames\frames\20210413\clip_50_2228\image_0118.jpg,7,-8.723336,-8.24372
20210413,C:\junha\Datasets\LTDv2\frames\frames\20210413\clip_50_2228\image_0119.jpg,7,-7.962452,-6.7038608
20210413,C:\junha\Datasets\LTDv2\frames\frames\20210413\clip_51_2255\image_0000.jpg,7,76.1722,-3.322477
20210413,C:\junha\Datasets\LTDv2\frames\frames\20210413\clip_51_2255\image_0001.jpg,0,75.06525,-3.1018486
20210413,C:\junha\Datasets\LTDv2\frames\frames\20210413\clip_51_2255\image_0002.jpg,0,74.90463,-3.0428529
20210413,C:\junha\Datasets\LTDv2\frames\frames\20210413\clip_51_2255\image_0003.jpg,7,77.103905,-3.9053187
20210413,C:\junha\Datasets\LTDv2\frames\frames\20210413\clip_51_2255\image_0004.jpg,0,77.24454,-4.309009
20210413,C:\junha\Datasets\LTDv2\frames\frames\20210413\clip_51_2255\image_0005.jpg,7,77.24657,-3.9161646
20210413,C:\junha\Datasets\LTDv2\frames\frames\20210413\clip_51_2255\image_0006.jpg,7,77.22847,-3.8484771
20210413,C:\junha\Datasets\LTDv2\frames\frames\20210413\clip_51_2255\image_0007.jpg,0,76.83812,-3.783963
20210413,C:\junha\Datasets\LTDv2\frames\frames\20210413\clip_51_2255\image_0008.jpg,7,76.785126,-3.5573714
20210413,C:\junha\Datasets\LTDv2\frames\frames\20210413\clip_51_2255\image_0009.jpg,0,72.847855,-2.0707881
20210413,C:\junha\Datasets\LTDv2\frames\frames\20210413\clip_51_2255\image_0010.jpg,7,72.85823,-1.9961108
20210413,C:\junha\Datasets\LTDv2\frames\frames\20210413\clip_51_2255\image_0011.jpg,7,75.53712,-4.9040403
20210413,C:\junha\Datasets\LTDv2\frames\frames\20210413\clip_51_2255\image_0012.jpg,0,75.46706,-5.0579953
20210413,C:\junha\Datasets\LTDv2\frames\frames\20210413\clip_51_2255\image_0013.jpg,0,76.07826,-7.3903656
20210413,C:\junha\Datasets\LTDv2\frames\frames\20210413\clip_51_2255\image_0014.jpg,0,76.073296,-7.285229
20210413,C:\junha\Datasets\LTDv2\frames\frames\20210413\clip_51_2255\image_0015.jpg,7,76.030914,-6.162497
20210413,C:\junha\Datasets\LTDv2\frames\frames\20210413\clip_51_2255\image_0016.jpg,0,75.786964,-6.7060905
20210413,C:\junha\Datasets\LTDv2\frames\frames\20210413\clip_51_2255\image_0017.jpg,0,75.60204,-6.7270336
20210413,C:\junha\Datasets\LTDv2\frames\frames\20210413\clip_51_2255\image_0018.jpg,0,75.632996,-6.7864237
20210413,C:\junha\Datasets\LTDv2\frames\frames\20210413\clip_51_2255\image_0019.jpg,0,73.28854,-8.841633
20210413,C:\junha\Datasets\LTDv2\frames\frames\20210413\clip_51_2255\image_0020.jpg,0,73.18673,-8.879219
20210413,C:\junha\Datasets\LTDv2\frames\frames\20210413\clip_51_2255\image_0021.jpg,0,74.35999,-5.7592845
20210413,C:\junha\Datasets\LTDv2\frames\frames\20210413\clip_51_2255\image_0022.jpg,0,74.42309,-5.5231724
20210413,C:\junha\Datasets\LTDv2\frames\frames\20210413\clip_51_2255\image_0023.jpg,0,74.587875,-4.9406595
20210413,C:\junha\Datasets\LTDv2\frames\frames\20210413\clip_51_2255\image_0024.jpg,0,74.495384,-4.917902
20210413,C:\junha\Datasets\LTDv2\frames\frames\20210413\clip_51_2255\image_0025.jpg,0,73.96781,-4.308611
20210413,C:\junha\Datasets\LTDv2\frames\frames\20210413\clip_51_2255\image_0026.jpg,0,73.93299,-4.13
20210413,C:\junha\Datasets\LTDv2\frames\frames\20210413\clip_51_2255\image_0027.jpg,7,76.17793,-5.4557915
20210413,C:\junha\Datasets\LTDv2\frames\frames\20210413\clip_51_2255\image_0028.jpg,7,76.06265,-5.8215413
20210413,C:\junha\Datasets\LTDv2\frames\frames\20210413\clip_51_2255\image_0029.jpg,0,74.65065,-7.6557703
20210413,C:\junha\Datasets\LTDv2\frames\frames\20210413\clip_51_2255\image_0030.jpg,0,74.61683,-7.6896152
20210413,C:\junha\Datasets\LTDv2\frames\frames\20210413\clip_51_2255\image_0031.jpg,0,74.87463,-10.886859
20210413,C:\junha\Datasets\LTDv2\frames\frames\20210413\clip_51_2255\image_0032.jpg,0,74.87507,-10.940295
20210413,C:\junha\Datasets\LTDv2\frames\frames\20210413\clip_51_2255\image_0033.jpg,0,74.759285,-9.293865
20210413,C:\junha\Datasets\LTDv2\frames\frames\20210413\clip_51_2255\image_0034.jpg,0,74.830986,-9.208102
20210413,C:\junha\Datasets\LTDv2\frames\frames\20210413\clip_51_2255\image_0035.jpg,0,75.20101,-8.274607
20210413,C:\junha\Datasets\LTDv2\frames\frames\20210413\clip_51_2255\image_0036.jpg,0,75.17416,-8.550136
20210413,C:\junha\Datasets\LTDv2\frames\frames\20210413\clip_51_2255\image_0037.jpg,0,72.920586,-3.4170947
20210413,C:\junha\Datasets\LTDv2\frames\frames\20210413\clip_51_2255\image_0038.jpg,0,72.88142,-3.2972245
20210413,C:\junha\Datasets\LTDv2\frames\frames\20210413\clip_51_2255\image_0039.jpg,0,74.84862,-6.3668566
20210413,C:\junha\Datasets\LTDv2\frames\frames\20210413\clip_51_2255\image_0040.jpg,0,74.88236,-6.3134933
20210413,C:\junha\Datasets\LTDv2\frames\frames\20210413\clip_51_2255\image_0041.jpg,0,73.22417,-4.6678753
20210413,C:\junha\Datasets\LTDv2\frames\frames\20210413\clip_51_2255\image_0042.jpg,0,73.22199,-4.6476774
20210413,C:\junha\Datasets\LTDv2\frames\frames\20210413\clip_51_2255\image_0043.jpg,0,72.51224,-10.97169
20210413,C:\junha\Datasets\LTDv2\frames\frames\20210413\clip_51_2255\image_0044.jpg,0,72.48658,-11.04638
20210413,C:\junha\Datasets\LTDv2\frames\frames\20210413\clip_51_2255\image_0045.jpg,0,73.32588,-10.079565
20210413,C:\junha\Datasets\LTDv2\frames\frames\20210413\clip_51_2255\image_0046.jpg,0,73.11151,-10.281928
20210413,C:\junha\Datasets\LTDv2\frames\frames\20210413\clip_51_2255\image_0047.jpg,0,74.44955,-8.900723
20210413,C:\junha\Datasets\LTDv2\frames\frames\20210413\clip_51_2255\image_0048.jpg,0,66.10318,-12.367186
20210413,C:\junha\Datasets\LTDv2\frames\frames\20210413\clip_51_2255\image_0049.jpg,7,78.63616,-4.187802
20210413,C:\junha\Datasets\LTDv2\frames\frames\20210413\clip_51_2255\image_0050.jpg,0,78.69419,-4.221831
20210413,C:\junha\Datasets\LTDv2\frames\frames\20210413\clip_51_2255\image_0051.jpg,0,79.723145,-5.374423
20210413,C:\junha\Datasets\LTDv2\frames\frames\20210413\clip_51_2255\image_0052.jpg,0,79.69283,-5.471949
20210413,C:\junha\Datasets\LTDv2\frames\frames\20210413\clip_51_2255\image_0053.jpg,0,79.23664,-5.6611543
20210413,C:\junha\Datasets\LTDv2\frames\frames\20210413\clip_51_2255\image_0054.jpg,0,79.16695,-5.6624823
20210413,C:\junha\Datasets\LTDv2\frames\frames\20210413\clip_51_2255\image_0055.jpg,0,79.22539,-4.7207103
20210413,C:\junha\Datasets\LTDv2\frames\frames\20210413\clip_51_2255\image_0056.jpg,0,79.26097,-4.7929077
20210413,C:\junha\Datasets\LTDv2\frames\frames\20210413\clip_51_2255\image_0057.jpg,0,79.29096,-2.7257512
20210413,C:\junha\Datasets\LTDv2\frames\frames\20210413\clip_51_2255\image_0058.jpg,7,79.377945,-2.6835885
20210413,C:\junha\Datasets\LTDv2\frames\frames\20210413\clip_51_2255\image_0059.jpg,0,68.42734,-17.96666
20210413,C:\junha\Datasets\LTDv2\frames\frames\20210413\clip_51_2255\image_0060.jpg,0,68.12374,-17.82147
20210413,C:\junha\Datasets\LTDv2\frames\frames\20210413\clip_51_2255\image_0061.jpg,0,77.656624,-4.7095294
20210413,C:\junha\Datasets\LTDv2\frames\frames\20210413\clip_51_2255\image_0062.jpg,0,77.58821,-6.9627
20210413,C:\junha\Datasets\LTDv2\frames\frames\20210413\clip_51_2255\image_0063.jpg,0,78.19943,-7.9772353
20210413,C:\junha\Datasets\LTDv2\frames\frames\20210413\clip_51_2255\image_0064.jpg,0,77.072205,-7.199159
20210413,C:\junha\Datasets\LTDv2\frames\frames\20210413\clip_51_2255\image_0065.jpg,0,66.21588,-17.86779
20210413,C:\junha\Datasets\LTDv2\frames\frames\20210413\clip_51_2255\image_0066.jpg,0,65.62696,-17.945566
20210413,C:\junha\Datasets\LTDv2\frames\frames\20210413\clip_51_2255\image_0067.jpg,0,66.228745,-17.878494
20210413,C:\junha\Datasets\LTDv2\frames\frames\20210413\clip_51_2255\image_0068.jpg,0,66.42052,-17.885296
20210413,C:\junha\Datasets\LTDv2\frames\frames\20210413\clip_51_2255\image_0069.jpg,7,74.177505,-1.5274493
20210413,C:\junha\Datasets\LTDv2\frames\frames\20210413\clip_51_2255\image_0070.jpg,0,74.10516,-1.7046722
20210413,C:\junha\Datasets\LTDv2\frames\frames\20210413\clip_51_2255\image_0071.jpg,0,70.98022,-13.997807
20210413,C:\junha\Datasets\LTDv2\frames\frames\20210413\clip_51_2255\image_0072.jpg,0,70.989624,-13.7716
20210413,C:\junha\Datasets\LTDv2\frames\frames\20210413\clip_51_2255\image_0073.jpg,0,72.04645,-14.654275
20210413,C:\junha\Datasets\LTDv2\frames\frames\20210413\clip_51_2255\image_0074.jpg,0,72.1322,-14.640121
20210413,C:\junha\Datasets\LTDv2\frames\frames\20210413\clip_51_2255\image_0075.jpg,0,71.58497,-14.993169
20210413,C:\junha\Datasets\LTDv2\frames\frames\20210413\clip_51_2255\image_0076.jpg,0,71.56561,-15.112826
20210413,C:\junha\Datasets\LTDv2\frames\frames\20210413\clip_51_2255\image_0077.jpg,0,71.61093,-15.404882
20210413,C:\junha\Datasets\LTDv2\frames\frames\20210413\clip_51_2255\image_0078.jpg,0,71.64642,-15.571727
20210413,C:\junha\Datasets\LTDv2\frames\frames\20210413\clip_51_2255\image_0079.jpg,0,70.00793,-18.044052
20210413,C:\junha\Datasets\LTDv2\frames\frames\20210413\clip_51_2255\image_0080.jpg,0,69.99619,-17.993687
20210413,C:\junha\Datasets\LTDv2\frames\frames\20210413\clip_51_2255\image_0081.jpg,0,69.66084,-17.128275
20210413,C:\junha\Datasets\LTDv2\frames\frames\20210413\clip_51_2255\image_0082.jpg,0,69.687256,-17.069649
20210413,C:\junha\Datasets\LTDv2\frames\frames\20210413\clip_51_2255\image_0083.jpg,0,69.46337,-15.5886755
20210413,C:\junha\Datasets\LTDv2\frames\frames\20210413\clip_51_2255\image_0084.jpg,0,69.60986,-14.9073105
20210413,C:\junha\Datasets\LTDv2\frames\frames\20210413\clip_51_2255\image_0085.jpg,0,69.482025,-14.378312
20210413,C:\junha\Datasets\LTDv2\frames\frames\20210413\clip_51_2255\image_0086.jpg,0,69.62607,-14.290545
20210413,C:\junha\Datasets\LTDv2\frames\frames\20210413\clip_51_2255\image_0087.jpg,0,69.78756,-13.953773
20210413,C:\junha\Datasets\LTDv2\frames\frames\20210413\clip_51_2255\image_0088.jpg,0,69.796326,-13.941631
20210413,C:\junha\Datasets\LTDv2\frames\frames\20210413\clip_51_2255\image_0089.jpg,0,69.797585,1.3008467
20210413,C:\junha\Datasets\LTDv2\frames\frames\20210413\clip_51_2255\image_0090.jpg,0,69.77353,1.3140537
20210413,C:\junha\Datasets\LTDv2\frames\frames\20210413\clip_51_2255\image_0091.jpg,7,78.00211,-1.8659391
20210413,C:\junha\Datasets\LTDv2\frames\frames\20210413\clip_51_2255\image_0092.jpg,0,77.93345,-1.7264941
20210413,C:\junha\Datasets\LTDv2\frames\frames\20210413\clip_51_2255\image_0093.jpg,0,69.76672,-13.152265
20210413,C:\junha\Datasets\LTDv2\frames\frames\20210413\clip_51_2255\image_0094.jpg,0,74.57852,-11.322516
20210413,C:\junha\Datasets\LTDv2\frames\frames\20210413\clip_51_2255\image_0095.jpg,0,77.78097,-5.3998966
20210413,C:\junha\Datasets\LTDv2\frames\frames\20210413\clip_51_2255\image_0096.jpg,0,77.645424,-5.244884
20210413,C:\junha\Datasets\LTDv2\frames\frames\20210413\clip_51_2255\image_0097.jpg,0,67.10264,-17.330181
20210413,C:\junha\Datasets\LTDv2\frames\frames\20210413\clip_51_2255\image_0098.jpg,0,67.198654,-17.353886
20210413,C:\junha\Datasets\LTDv2\frames\frames\20210413\clip_51_2255\image_0099.jpg,0,67.03246,-12.385107
20210413,C:\junha\Datasets\LTDv2\frames\frames\20210413\clip_51_2255\image_0100.jpg,0,67.26609,-12.347777
20210413,C:\junha\Datasets\LTDv2\frames\frames\20210413\clip_51_2255\image_0101.jpg,0,78.74958,-7.865006
20210413,C:\junha\Datasets\LTDv2\frames\frames\20210413\clip_51_2255\image_0102.jpg,0,78.72355,-7.8284492
20210413,C:\junha\Datasets\LTDv2\frames\frames\20210413\clip_51_2255\image_0103.jpg,0,78.65593,-7.933875
20210413,C:\junha\Datasets\LTDv2\frames\frames\20210413\clip_51_2255\image_0104.jpg,0,76.971794,-8.454284
20210413,C:\junha\Datasets\LTDv2\frames\frames\20210413\clip_51_2255\image_0105.jpg,0,76.54993,-8.310132
20210413,C:\junha\Datasets\LTDv2\frames\frames\20210413\clip_51_2255\image_0106.jpg,0,76.40923,-8.213554
20210413,C:\junha\Datasets\LTDv2\frames\frames\20210413\clip_51_2255\image_0107.jpg,0,67.365944,-15.599961
20210413,C:\junha\Datasets\LTDv2\frames\frames\20210413\clip_51_2255\image_0108.jpg,0,67.52341,-15.42814
20210413,C:\junha\Datasets\LTDv2\frames\frames\20210413\clip_51_2255\image_0109.jpg,0,66.07121,-14.194154
20210413,C:\junha\Datasets\LTDv2\frames\frames\20210413\clip_51_2255\image_0110.jpg,0,66.01632,-14.234752
20210413,C:\junha\Datasets\LTDv2\frames\frames\20210413\clip_51_2255\image_0111.jpg,0,73.19147,-6.318286
20210413,C:\junha\Datasets\LTDv2\frames\frames\20210413\clip_51_2255\image_0112.jpg,0,73.52079,-6.591505
20210413,C:\junha\Datasets\LTDv2\frames\frames\20210413\clip_51_2255\image_0113.jpg,0,67.44911,-13.833086
20210413,C:\junha\Datasets\LTDv2\frames\frames\20210413\clip_51_2255\image_0114.jpg,0,67.446724,-13.865235
20210413,C:\junha\Datasets\LTDv2\frames\frames\20210413\clip_51_2255\image_0115.jpg,0,72.568954,-7.2436266
20210413,C:\junha\Datasets\LTDv2\frames\frames\20210413\clip_51_2255\image_0116.jpg,0,72.466324,-7.3130174
20210413,C:\junha\Datasets\LTDv2\frames\frames\20210413\clip_51_2255\image_0117.jpg,0,66.81625,-14.98262
20210413,C:\junha\Datasets\LTDv2\frames\frames\20210413\clip_51_2255\image_0118.jpg,0,66.77772,-15.054235
20210413,C:\junha\Datasets\LTDv2\frames\frames\20210413\clip_51_2255\image_0119.jpg,0,67.02576,-4.080849
20210413,C:\junha\Datasets\LTDv2\frames\frames\20210413\clip_52_2323\image_0000.jpg,0,55.802147,-16.868397
20210413,C:\junha\Datasets\LTDv2\frames\frames\20210413\clip_52_2323\image_0001.jpg,0,55.680466,-16.921022
20210413,C:\junha\Datasets\LTDv2\frames\frames\20210413\clip_52_2323\image_0002.jpg,0,58.193653,-10.520949
20210413,C:\junha\Datasets\LTDv2\frames\frames\20210413\clip_52_2323\image_0003.jpg,0,58.138554,-10.38803
20210413,C:\junha\Datasets\LTDv2\frames\frames\20210413\clip_52_2323\image_0004.jpg,0,54.93515,-15.425998
20210413,C:\junha\Datasets\LTDv2\frames\frames\20210413\clip_52_2323\image_0005.jpg,0,54.9102,-15.476185
20210413,C:\junha\Datasets\LTDv2\frames\frames\20210413\clip_52_2323\image_0006.jpg,0,54.09081,-17.441479
20210413,C:\junha\Datasets\LTDv2\frames\frames\20210413\clip_52_2323\image_0007.jpg,8,53.847595,-17.694246
20210413,C:\junha\Datasets\LTDv2\frames\frames\20210413\clip_52_2323\image_0008.jpg,8,53.987293,-17.606997
20210413,C:\junha\Datasets\LTDv2\frames\frames\20210413\clip_52_2323\image_0009.jpg,0,62.28416,-14.996931
20210413,C:\junha\Datasets\LTDv2\frames\frames\20210413\clip_52_2323\image_0010.jpg,0,59.457928,-13.027571
20210413,C:\junha\Datasets\LTDv2\frames\frames\20210413\clip_52_2323\image_0011.jpg,0,59.62805,-13.02328
20210413,C:\junha\Datasets\LTDv2\frames\frames\20210413\clip_52_2323\image_0012.jpg,0,62.991642,-11.57993
20210413,C:\junha\Datasets\LTDv2\frames\frames\20210413\clip_52_2323\image_0013.jpg,0,63.01754,-11.574832
20210413,C:\junha\Datasets\LTDv2\frames\frames\20210413\clip_52_2323\image_0014.jpg,0,61.467117,-12.566384
20210413,C:\junha\Datasets\LTDv2\frames\frames\20210413\clip_52_2323\image_0015.jpg,0,61.481422,-12.617123
20210413,C:\junha\Datasets\LTDv2\frames\frames\20210413\clip_52_2323\image_0016.jpg,0,61.981323,-12.807835
20210413,C:\junha\Datasets\LTDv2\frames\frames\20210413\clip_52_2323\image_0017.jpg,0,62.038242,-12.533019
20210413,C:\junha\Datasets\LTDv2\frames\frames\20210413\clip_52_2323\image_0018.jpg,0,59.230576,-11.732554
20210413,C:\junha\Datasets\LTDv2\frames\frames\20210413\clip_52_2323\image_0019.jpg,0,65.18961,-5.20697
20210413,C:\junha\Datasets\LTDv2\frames\frames\20210413\clip_52_2323\image_0020.jpg,0,65.31707,-5.4231315
20210413,C:\junha\Datasets\LTDv2\frames\frames\20210413\clip_52_2323\image_0021.jpg,0,65.311615,-5.43349
20210413,C:\junha\Datasets\LTDv2\frames\frames\20210413\clip_52_2323\image_0022.jpg,0,63.86429,-6.108447
20210413,C:\junha\Datasets\LTDv2\frames\frames\20210413\clip_52_2323\image_0023.jpg,0,63.848816,-6.0663385
20210413,C:\junha\Datasets\LTDv2\frames\frames\20210413\clip_52_2323\image_0024.jpg,0,77.22024,-6.1296406
20210413,C:\junha\Datasets\LTDv2\frames\frames\20210413\clip_52_2323\image_0025.jpg,0,77.177864,-6.066354
20210413,C:\junha\Datasets\LTDv2\frames\frames\20210413\clip_52_2323\image_0026.jpg,0,66.14865,-5.390379
20210413,C:\junha\Datasets\LTDv2\frames\frames\20210413\clip_52_2323\image_0027.jpg,0,66.159706,-5.3389983
20210413,C:\junha\Datasets\LTDv2\frames\frames\20210413\clip_52_2323\image_0028.jpg,0,66.30052,-9.09923
20210413,C:\junha\Datasets\LTDv2\frames\frames\20210413\clip_52_2323\image_0029.jpg,0,64.413185,-8.487939
20210413,C:\junha\Datasets\LTDv2\frames\frames\20210413\clip_52_2323\image_0030.jpg,0,64.01612,-8.159351
20210413,C:\junha\Datasets\LTDv2\frames\frames\20210413\clip_52_2323\image_0031.jpg,0,64.14182,-8.210901
20210413,C:\junha\Datasets\LTDv2\frames\frames\20210413\clip_52_2323\image_0032.jpg,0,62.996803,-7.185298
20210413,C:\junha\Datasets\LTDv2\frames\frames\20210413\clip_52_2323\image_0033.jpg,0,62.959427,-7.1812353
20210413,C:\junha\Datasets\LTDv2\frames\frames\20210413\clip_52_2323\image_0034.jpg,0,67.92044,-5.598938
20210413,C:\junha\Datasets\LTDv2\frames\frames\20210413\clip_52_2323\image_0035.jpg,0,67.81363,-5.660366
20210413,C:\junha\Datasets\LTDv2\frames\frames\20210413\clip_52_2323\image_0036.jpg,0,64.42231,-7.18468
20210413,C:\junha\Datasets\LTDv2\frames\frames\20210413\clip_52_2323\image_0037.jpg,0,64.489746,-7.203344
20210413,C:\junha\Datasets\LTDv2\frames\frames\20210413\clip_52_2323\image_0038.jpg,0,64.612854,-7.764602
20210413,C:\junha\Datasets\LTDv2\frames\frames\20210413\clip_52_2323\image_0039.jpg,0,70.37578,-4.4774256
20210413,C:\junha\Datasets\LTDv2\frames\frames\20210413\clip_52_2323\image_0040.jpg,0,69.85736,-5.2400646
20210413,C:\junha\Datasets\LTDv2\frames\frames\20210413\clip_52_2323\image_0041.jpg,0,69.8693,-5.241436
20210413,C:\junha\Datasets\LTDv2\frames\frames\20210413\clip_52_2323\image_0042.jpg,0,70.12293,-4.304508
20210413,C:\junha\Datasets\LTDv2\frames\frames\20210413\clip_52_2323\image_0043.jpg,0,70.38067,-3.654042
20210413,C:\junha\Datasets\LTDv2\frames\frames\20210413\clip_52_2323\image_0044.jpg,0,67.85356,-4.923129
20210413,C:\junha\Datasets\LTDv2\frames\frames\20210413\clip_52_2323\image_0045.jpg,0,67.80897,-4.875128
20210413,C:\junha\Datasets\LTDv2\frames\frames\20210413\clip_52_2323\image_0046.jpg,0,71.57063,-4.0711694
20210413,C:\junha\Datasets\LTDv2\frames\frames\20210413\clip_52_2323\image_0047.jpg,0,71.514046,-4.243357
20210413,C:\junha\Datasets\LTDv2\frames\frames\20210413\clip_52_2323\image_0048.jpg,0,71.42786,-4.8392606
20210413,C:\junha\Datasets\LTDv2\frames\frames\20210413\clip_52_2323\image_0049.jpg,0,69.31458,-10.346117
20210413,C:\junha\Datasets\LTDv2\frames\frames\20210413\clip_52_2323\image_0050.jpg,0,71.36791,-5.3135166
20210413,C:\junha\Datasets\LTDv2\frames\frames\20210413\clip_52_2323\image_0051.jpg,0,71.2847,-5.4645915
20210413,C:\junha\Datasets\LTDv2\frames\frames\20210413\clip_52_2323\image_0052.jpg,0,65.72661,-4.1270695
20210413,C:\junha\Datasets\LTDv2\frames\frames\20210413\clip_52_2323\image_0053.jpg,0,68.52828,-11.087119
20210413,C:\junha\Datasets\LTDv2\frames\frames\20210413\clip_52_2323\image_0054.jpg,0,68.43268,-11.4874
20210413,C:\junha\Datasets\LTDv2\frames\frames\20210413\clip_52_2323\image_0055.jpg,0,68.37427,-11.43153
20210413,C:\junha\Datasets\LTDv2\frames\frames\20210413\clip_52_2323\image_0056.jpg,0,65.0716,-10.381047
20210413,C:\junha\Datasets\LTDv2\frames\frames\20210413\clip_52_2323\image_0057.jpg,0,64.86282,-10.394762
20210413,C:\junha\Datasets\LTDv2\frames\frames\20210413\clip_52_2323\image_0058.jpg,0,64.65427,-10.567772
20210413,C:\junha\Datasets\LTDv2\frames\frames\20210413\clip_52_2323\image_0059.jpg,0,74.027916,-10.7898
20210413,C:\junha\Datasets\LTDv2\frames\frames\20210413\clip_52_2323\image_0060.jpg,0,73.37151,-11.125212
20210413,C:\junha\Datasets\LTDv2\frames\frames\20210413\clip_52_2323\image_0061.jpg,0,73.26636,-11.202237
20210413,C:\junha\Datasets\LTDv2\frames\frames\20210413\clip_52_2323\image_0062.jpg,0,70.44726,-10.054394
20210413,C:\junha\Datasets\LTDv2\frames\frames\20210413\clip_52_2323\image_0063.jpg,0,70.41966,-10.011295
20210413,C:\junha\Datasets\LTDv2\frames\frames\20210413\clip_52_2323\image_0064.jpg,0,62.920654,-14.714909
20210413,C:\junha\Datasets\LTDv2\frames\frames\20210413\clip_52_2323\image_0065.jpg,0,62.93108,-14.707111
20210413,C:\junha\Datasets\LTDv2\frames\frames\20210413\clip_52_2323\image_0066.jpg,0,68.933395,-8.286268
20210413,C:\junha\Datasets\LTDv2\frames\frames\20210413\clip_52_2323\image_0067.jpg,0,75.17543,-1.1120843
20210413,C:\junha\Datasets\LTDv2\frames\frames\20210413\clip_52_2323\image_0068.jpg,0,70.68121,-3.2639475
20210413,C:\junha\Datasets\LTDv2\frames\frames\20210413\clip_52_2323\image_0069.jpg,7,71.530975,-1.2933629
20210413,C:\junha\Datasets\LTDv2\frames\frames\20210413\clip_52_2323\image_0070.jpg,7,71.07812,-1.3830312
20210413,C:\junha\Datasets\LTDv2\frames\frames\20210413\clip_52_2323\image_0071.jpg,0,70.69563,-1.4678894
20210413,C:\junha\Datasets\LTDv2\frames\frames\20210413\clip_52_2323\image_0072.jpg,0,70.61521,-1.2692184
20210413,C:\junha\Datasets\LTDv2\frames\frames\20210413\clip_52_2323\image_0073.jpg,0,70.630394,-1.2401769
20210413,C:\junha\Datasets\LTDv2\frames\frames\20210413\clip_52_2323\image_0074.jpg,0,67.68191,-8.834954
20210413,C:\junha\Datasets\LTDv2\frames\frames\20210413\clip_52_2323\image_0075.jpg,0,67.733475,-9.08495
20210413,C:\junha\Datasets\LTDv2\frames\frames\20210413\clip_52_2323\image_0076.jpg,0,69.15144,-9.694583
20210413,C:\junha\Datasets\LTDv2\frames\frames\20210413\clip_52_2323\image_0077.jpg,0,69.12813,-9.679948
20210413,C:\junha\Datasets\LTDv2\frames\frames\20210413\clip_52_2323\image_0078.jpg,0,67.92539,-9.908004
20210413,C:\junha\Datasets\LTDv2\frames\frames\20210413\clip_52_2323\image_0079.jpg,0,70.44878,-1.7942795
20210413,C:\junha\Datasets\LTDv2\frames\frames\20210413\clip_52_2323\image_0080.jpg,0,64.55484,-13.310955
20210413,C:\junha\Datasets\LTDv2\frames\frames\20210413\clip_52_2323\image_0081.jpg,0,64.528076,-13.265557
20210413,C:\junha\Datasets\LTDv2\frames\frames\20210413\clip_52_2323\image_0082.jpg,0,67.22098,-7.980747
20210413,C:\junha\Datasets\LTDv2\frames\frames\20210413\clip_52_2323\image_0083.jpg,0,67.381096,-8.248459
20210413,C:\junha\Datasets\LTDv2\frames\frames\20210413\clip_52_2323\image_0084.jpg,0,64.21559,-15.945089
20210413,C:\junha\Datasets\LTDv2\frames\frames\20210413\clip_52_2323\image_0085.jpg,0,64.245445,-15.936889
20210413,C:\junha\Datasets\LTDv2\frames\frames\20210413\clip_52_2323\image_0086.jpg,0,64.619,-16.100864
20210413,C:\junha\Datasets\LTDv2\frames\frames\20210413\clip_52_2323\image_0087.jpg,0,64.58992,-16.107428
20210413,C:\junha\Datasets\LTDv2\frames\frames\20210413\clip_52_2323\image_0088.jpg,0,70.101814,-10.94184
20210413,C:\junha\Datasets\LTDv2\frames\frames\20210413\clip_52_2323\image_0089.jpg,0,67.04259,-9.874097
20210413,C:\junha\Datasets\LTDv2\frames\frames\20210413\clip_52_2323\image_0090.jpg,0,71.652336,-6.3783054
20210413,C:\junha\Datasets\LTDv2\frames\frames\20210413\clip_52_2323\image_0091.jpg,0,71.64314,-6.4453464
20210413,C:\junha\Datasets\LTDv2\frames\frames\20210413\clip_52_2323\image_0092.jpg,0,66.905945,-10.969241
20210413,C:\junha\Datasets\LTDv2\frames\frames\20210413\clip_52_2323\image_0093.jpg,0,66.88384,-10.918659
20210413,C:\junha\Datasets\LTDv2\frames\frames\20210413\clip_52_2323\image_0094.jpg,0,66.454544,-9.586582
20210413,C:\junha\Datasets\LTDv2\frames\frames\20210413\clip_52_2323\image_0095.jpg,0,66.549355,-9.503781
20210413,C:\junha\Datasets\LTDv2\frames\frames\20210413\clip_52_2323\image_0096.jpg,0,66.880486,-10.14649
20210413,C:\junha\Datasets\LTDv2\frames\frames\20210413\clip_52_2323\image_0097.jpg,0,66.43585,-10.264168
20210413,C:\junha\Datasets\LTDv2\frames\frames\20210413\clip_52_2323\image_0098.jpg,0,66.119865,-11.3667555
20210413,C:\junha\Datasets\LTDv2\frames\frames\20210413\clip_52_2323\image_0099.jpg,0,70.33221,-2.6423256
20210413,C:\junha\Datasets\LTDv2\frames\frames\20210413\clip_52_2323\image_0100.jpg,0,72.70297,-0.014432857
20210413,C:\junha\Datasets\LTDv2\frames\frames\20210413\clip_52_2323\image_0101.jpg,0,72.731316,-0.024206076
20210413,C:\junha\Datasets\LTDv2\frames\frames\20210413\clip_52_2323\image_0102.jpg,0,70.21586,-8.140329
20210413,C:\junha\Datasets\LTDv2\frames\frames\20210413\clip_52_2323\image_0103.jpg,0,70.24958,-8.136755
20210413,C:\junha\Datasets\LTDv2\frames\frames\20210413\clip_52_2323\image_0104.jpg,0,70.01923,-2.7420554
20210413,C:\junha\Datasets\LTDv2\frames\frames\20210413\clip_52_2323\image_0105.jpg,0,69.88166,-2.9326034
20210413,C:\junha\Datasets\LTDv2\frames\frames\20210413\clip_52_2323\image_0106.jpg,7,74.71762,-1.0148139
20210413,C:\junha\Datasets\LTDv2\frames\frames\20210413\clip_52_2323\image_0107.jpg,7,74.775665,-0.98047656
20210413,C:\junha\Datasets\LTDv2\frames\frames\20210413\clip_52_2323\image_0108.jpg,0,69.1509,-6.329972
20210413,C:\junha\Datasets\LTDv2\frames\frames\20210413\clip_52_2323\image_0109.jpg,0,65.84218,-7.291432
20210413,C:\junha\Datasets\LTDv2\frames\frames\20210413\clip_52_2323\image_0110.jpg,0,68.41728,-7.3152103
20210413,C:\junha\Datasets\LTDv2\frames\frames\20210413\clip_52_2323\image_0111.jpg,0,68.42001,-7.3235164
20210413,C:\junha\Datasets\LTDv2\frames\frames\20210413\clip_52_2323\image_0112.jpg,0,66.27416,-7.3283086
20210413,C:\junha\Datasets\LTDv2\frames\frames\20210413\clip_52_2323\image_0113.jpg,0,66.5389,-7.046387
20210413,C:\junha\Datasets\LTDv2\frames\frames\20210413\clip_52_2323\image_0114.jpg,0,62.912098,-10.303044
20210413,C:\junha\Datasets\LTDv2\frames\frames\20210413\clip_52_2323\image_0115.jpg,0,62.871433,-10.283003
20210413,C:\junha\Datasets\LTDv2\frames\frames\20210413\clip_52_2323\image_0116.jpg,0,63.369812,-9.037887
20210413,C:\junha\Datasets\LTDv2\frames\frames\20210413\clip_52_2323\image_0117.jpg,0,63.24077,-8.938344
20210413,C:\junha\Datasets\LTDv2\frames\frames\20210413\clip_52_2323\image_0118.jpg,0,63.216934,-8.884158
20210413,C:\junha\Datasets\LTDv2\frames\frames\20210413\clip_52_2323\image_0119.jpg,0,67.87996,-3.6162148
20210413,C:\junha\Datasets\LTDv2\frames\frames\20210413\clip_53_2351\image_0000.jpg,0,57.33263,-8.95319
20210413,C:\junha\Datasets\LTDv2\frames\frames\20210413\clip_53_2351\image_0001.jpg,0,56.04394,-10.403831
20210413,C:\junha\Datasets\LTDv2\frames\frames\20210413\clip_53_2351\image_0002.jpg,0,56.022327,-10.428463
20210413,C:\junha\Datasets\LTDv2\frames\frames\20210413\clip_53_2351\image_0003.jpg,0,56.458202,-9.349353
20210413,C:\junha\Datasets\LTDv2\frames\frames\20210413\clip_53_2351\image_0004.jpg,0,56.437958,-9.431601
20210413,C:\junha\Datasets\LTDv2\frames\frames\20210413\clip_53_2351\image_0005.jpg,0,58.57342,-13.238224
20210413,C:\junha\Datasets\LTDv2\frames\frames\20210413\clip_53_2351\image_0006.jpg,0,58.45214,-13.071648
20210413,C:\junha\Datasets\LTDv2\frames\frames\20210413\clip_53_2351\image_0007.jpg,0,58.081505,-15.09056
20210413,C:\junha\Datasets\LTDv2\frames\frames\20210413\clip_53_2351\image_0008.jpg,0,58.07134,-15.227066
20210413,C:\junha\Datasets\LTDv2\frames\frames\20210413\clip_53_2351\image_0009.jpg,0,58.74351,-15.719052
20210413,C:\junha\Datasets\LTDv2\frames\frames\20210413\clip_53_2351\image_0010.jpg,0,58.73691,-15.644815
20210413,C:\junha\Datasets\LTDv2\frames\frames\20210413\clip_53_2351\image_0011.jpg,0,54.88588,-15.772803
20210413,C:\junha\Datasets\LTDv2\frames\frames\20210413\clip_53_2351\image_0012.jpg,8,52.66237,-18.505508
20210413,C:\junha\Datasets\LTDv2\frames\frames\20210413\clip_53_2351\image_0013.jpg,8,52.684742,-18.465326
20210413,C:\junha\Datasets\LTDv2\frames\frames\20210413\clip_53_2351\image_0014.jpg,8,52.613438,-18.53098
20210413,C:\junha\Datasets\LTDv2\frames\frames\20210413\clip_53_2351\image_0015.jpg,8,52.6358,-18.503485
20210413,C:\junha\Datasets\LTDv2\frames\frames\20210413\clip_53_2351\image_0016.jpg,8,52.685837,-18.467054
20210413,C:\junha\Datasets\LTDv2\frames\frames\20210413\clip_53_2351\image_0017.jpg,0,53.402607,-17.97907
20210413,C:\junha\Datasets\LTDv2\frames\frames\20210413\clip_53_2351\image_0018.jpg,8,53.289192,-18.06474
20210413,C:\junha\Datasets\LTDv2\frames\frames\20210413\clip_53_2351\image_0019.jpg,0,60.32718,-11.881776
20210413,C:\junha\Datasets\LTDv2\frames\frames\20210413\clip_53_2351\image_0020.jpg,0,60.22329,-11.827425
20210413,C:\junha\Datasets\LTDv2\frames\frames\20210413\clip_53_2351\image_0021.jpg,0,59.387493,-8.956401
20210413,C:\junha\Datasets\LTDv2\frames\frames\20210413\clip_53_2351\image_0022.jpg,0,59.389477,-9.092971
20210413,C:\junha\Datasets\LTDv2\frames\frames\20210413\clip_53_2351\image_0023.jpg,0,59.61035,-11.26817
20210413,C:\junha\Datasets\LTDv2\frames\frames\20210413\clip_53_2351\image_0024.jpg,0,59.70307,-11.057697
20210413,C:\junha\Datasets\LTDv2\frames\frames\20210413\clip_53_2351\image_0025.jpg,0,59.149048,-6.8096957
20210413,C:\junha\Datasets\LTDv2\frames\frames\20210413\clip_53_2351\image_0026.jpg,0,59.096966,-6.8880954
20210413,C:\junha\Datasets\LTDv2\frames\frames\20210413\clip_53_2351\image_0027.jpg,0,57.097885,-7.069021
20210413,C:\junha\Datasets\LTDv2\frames\frames\20210413\clip_53_2351\image_0028.jpg,0,57.124477,-7.0334916
20210413,C:\junha\Datasets\LTDv2\frames\frames\20210413\clip_53_2351\image_0029.jpg,0,67.03074,-2.3830333
20210413,C:\junha\Datasets\LTDv2\frames\frames\20210413\clip_53_2351\image_0030.jpg,0,67.03639,-2.418288
20210413,C:\junha\Datasets\LTDv2\frames\frames\20210413\clip_53_2351\image_0031.jpg,0,61.03641,-8.719032
20210413,C:\junha\Datasets\LTDv2\frames\frames\20210413\clip_53_2351\image_0032.jpg,0,61.050312,-8.6961775
20210413,C:\junha\Datasets\LTDv2\frames\frames\20210413\clip_53_2351\image_0033.jpg,0,63.01934,-13.346409
20210413,C:\junha\Datasets\LTDv2\frames\frames\20210413\clip_53_2351\image_0034.jpg,0,63.01091,-13.282407
20210413,C:\junha\Datasets\LTDv2\frames\frames\20210413\clip_53_2351\image_0035.jpg,0,60.413826,-8.40733
20210413,C:\junha\Datasets\LTDv2\frames\frames\20210413\clip_53_2351\image_0036.jpg,0,60.34168,-8.582103
20210413,C:\junha\Datasets\LTDv2\frames\frames\20210413\clip_53_2351\image_0037.jpg,0,60.926876,-14.329736
20210413,C:\junha\Datasets\LTDv2\frames\frames\20210413\clip_53_2351\image_0038.jpg,0,60.95902,-14.351148
20210413,C:\junha\Datasets\LTDv2\frames\frames\20210413\clip_53_2351\image_0039.jpg,0,68.536995,-2.5014145
20210413,C:\junha\Datasets\LTDv2\frames\frames\20210413\clip_53_2351\image_0040.jpg,0,68.445244,-2.5484312
20210413,C:\junha\Datasets\LTDv2\frames\frames\20210413\clip_53_2351\image_0041.jpg,0,63.661415,-3.1939647
20210413,C:\junha\Datasets\LTDv2\frames\frames\20210413\clip_53_2351\image_0042.jpg,0,63.642235,-3.2110302
20210413,C:\junha\Datasets\LTDv2\frames\frames\20210413\clip_53_2351\image_0043.jpg,0,60.30474,-9.730084
20210413,C:\junha\Datasets\LTDv2\frames\frames\20210413\clip_53_2351\image_0044.jpg,0,60.31924,-9.581959
20210413,C:\junha\Datasets\LTDv2\frames\frames\20210413\clip_53_2351\image_0045.jpg,0,59.868565,-7.615245
20210413,C:\junha\Datasets\LTDv2\frames\frames\20210413\clip_53_2351\image_0046.jpg,0,59.870087,-7.6722603
20210413,C:\junha\Datasets\LTDv2\frames\frames\20210413\clip_53_2351\image_0047.jpg,0,65.38694,-2.1224966
20210413,C:\junha\Datasets\LTDv2\frames\frames\20210413\clip_53_2351\image_0048.jpg,0,65.3356,-2.1366026
20210413,C:\junha\Datasets\LTDv2\frames\frames\20210413\clip_53_2351\image_0049.jpg,0,61.99903,-17.725742
20210413,C:\junha\Datasets\LTDv2\frames\frames\20210413\clip_53_2351\image_0050.jpg,0,61.860332,-17.587038
20210413,C:\junha\Datasets\LTDv2\frames\frames\20210413\clip_53_2351\image_0051.jpg,0,62.01512,-17.198101
20210413,C:\junha\Datasets\LTDv2\frames\frames\20210413\clip_53_2351\image_0052.jpg,0,61.985172,-17.16006
20210413,C:\junha\Datasets\LTDv2\frames\frames\20210413\clip_53_2351\image_0053.jpg,0,60.76156,-16.344955
20210413,C:\junha\Datasets\LTDv2\frames\frames\20210413\clip_53_2351\image_0054.jpg,0,60.72923,-16.329733
20210413,C:\junha\Datasets\LTDv2\frames\frames\20210413\clip_53_2351\image_0055.jpg,0,59.973434,-15.881849
20210413,C:\junha\Datasets\LTDv2\frames\frames\20210413\clip_53_2351\image_0056.jpg,0,59.9631,-15.935665
20210413,C:\junha\Datasets\LTDv2\frames\frames\20210413\clip_53_2351\image_0057.jpg,0,60.151592,-15.365612
20210413,C:\junha\Datasets\LTDv2\frames\frames\20210413\clip_53_2351\image_0058.jpg,0,60.166714,-15.326062
20210413,C:\junha\Datasets\LTDv2\frames\frames\20210413\clip_53_2351\image_0059.jpg,0,56.994743,-14.505419
20210413,C:\junha\Datasets\LTDv2\frames\frames\20210413\clip_53_2351\image_0060.jpg,0,56.894123,-14.548799
20210413,C:\junha\Datasets\LTDv2\frames\frames\20210413\clip_53_2351\image_0061.jpg,0,64.61195,-11.540168
20210413,C:\junha\Datasets\LTDv2\frames\frames\20210413\clip_53_2351\image_0062.jpg,0,64.45783,-11.536166
20210413,C:\junha\Datasets\LTDv2\frames\frames\20210413\clip_53_2351\image_0063.jpg,0,58.76717,-9.019079
20210413,C:\junha\Datasets\LTDv2\frames\frames\20210413\clip_53_2351\image_0064.jpg,0,58.875862,-8.93016
20210413,C:\junha\Datasets\LTDv2\frames\frames\20210413\clip_53_2351\image_0065.jpg,0,56.37418,-11.415757
20210413,C:\junha\Datasets\LTDv2\frames\frames\20210413\clip_53_2351\image_0066.jpg,0,56.2766,-11.67102
20210413,C:\junha\Datasets\LTDv2\frames\frames\20210413\clip_53_2351\image_0067.jpg,0,58.82558,-16.53372
20210413,C:\junha\Datasets\LTDv2\frames\frames\20210413\clip_53_2351\image_0068.jpg,0,58.790653,-16.466515
20210413,C:\junha\Datasets\LTDv2\frames\frames\20210413\clip_53_2351\image_0069.jpg,0,60.464024,-4.916496
20210413,C:\junha\Datasets\LTDv2\frames\frames\20210413\clip_53_2351\image_0070.jpg,0,60.370403,-5.14614
20210413,C:\junha\Datasets\LTDv2\frames\frames\20210413\clip_53_2351\image_0071.jpg,0,59.49431,-10.764014
20210413,C:\junha\Datasets\LTDv2\frames\frames\20210413\clip_53_2351\image_0072.jpg,0,59.519417,-10.570972
20210413,C:\junha\Datasets\LTDv2\frames\frames\20210413\clip_53_2351\image_0073.jpg,0,62.788094,-4.8217535
20210413,C:\junha\Datasets\LTDv2\frames\frames\20210413\clip_53_2351\image_0074.jpg,0,62.81066,-4.8700633
20210413,C:\junha\Datasets\LTDv2\frames\frames\20210413\clip_53_2351\image_0075.jpg,0,58.057686,-11.89087
20210413,C:\junha\Datasets\LTDv2\frames\frames\20210413\clip_53_2351\image_0076.jpg,0,58.040016,-11.57045
20210413,C:\junha\Datasets\LTDv2\frames\frames\20210413\clip_53_2351\image_0077.jpg,0,57.916927,-11.430228
20210413,C:\junha\Datasets\LTDv2\frames\frames\20210413\clip_53_2351\image_0078.jpg,0,57.92674,-11.396379
20210413,C:\junha\Datasets\LTDv2\frames\frames\20210413\clip_53_2351\image_0079.jpg,0,61.349487,-6.7791843
20210413,C:\junha\Datasets\LTDv2\frames\frames\20210413\clip_53_2351\image_0080.jpg,0,61.362473,-6.792368
20210413,C:\junha\Datasets\LTDv2\frames\frames\20210413\clip_53_2351\image_0081.jpg,0,61.686005,-7.802991
20210413,C:\junha\Datasets\LTDv2\frames\frames\20210413\clip_53_2351\image_0082.jpg,0,61.63736,-7.853977
20210413,C:\junha\Datasets\LTDv2\frames\frames\20210413\clip_53_2351\image_0083.jpg,0,60.940117,-10.834921
20210413,C:\junha\Datasets\LTDv2\frames\frames\20210413\clip_53_2351\image_0084.jpg,0,60.937786,-10.801106
20210413,C:\junha\Datasets\LTDv2\frames\frames\20210413\clip_53_2351\image_0085.jpg,0,59.32852,-14.241098
20210413,C:\junha\Datasets\LTDv2\frames\frames\20210413\clip_53_2351\image_0086.jpg,0,59.22931,-14.295783
20210413,C:\junha\Datasets\LTDv2\frames\frames\20210413\clip_53_2351\image_0087.jpg,0,66.61292,-1.161145
20210413,C:\junha\Datasets\LTDv2\frames\frames\20210413\clip_53_2351\image_0088.jpg,0,66.62156,-1.1601336
20210413,C:\junha\Datasets\LTDv2\frames\frames\20210413\clip_53_2351\image_0089.jpg,0,60.796375,-9.800304
20210413,C:\junha\Datasets\LTDv2\frames\frames\20210413\clip_53_2351\image_0090.jpg,0,60.843536,-9.977327
20210413,C:\junha\Datasets\LTDv2\frames\frames\20210413\clip_53_2351\image_0091.jpg,0,61.897316,-4.923228
20210413,C:\junha\Datasets\LTDv2\frames\frames\20210413\clip_53_2351\image_0092.jpg,0,61.919273,-4.888995
20210413,C:\junha\Datasets\LTDv2\frames\frames\20210413\clip_53_2351\image_0093.jpg,0,60.469135,-5.1899676
20210413,C:\junha\Datasets\LTDv2\frames\frames\20210413\clip_53_2351\image_0094.jpg,0,60.427586,-5.236258
20210413,C:\junha\Datasets\LTDv2\frames\frames\20210413\clip_53_2351\image_0095.jpg,0,60.014,-16.734364
20210413,C:\junha\Datasets\LTDv2\frames\frames\20210413\clip_53_2351\image_0096.jpg,0,60.019,-16.782051
20210413,C:\junha\Datasets\LTDv2\frames\frames\20210413\clip_53_2351\image_0097.jpg,0,57.338333,-13.00955
20210413,C:\junha\Datasets\LTDv2\frames\frames\20210413\clip_53_2351\image_0098.jpg,0,57.38437,-13.022512
20210413,C:\junha\Datasets\LTDv2\frames\frames\20210413\clip_53_2351\image_0099.jpg,0,56.626625,-15.739951
20210413,C:\junha\Datasets\LTDv2\frames\frames\20210413\clip_53_2351\image_0100.jpg,0,56.53904,-15.5633335
20210413,C:\junha\Datasets\LTDv2\frames\frames\20210413\clip_53_2351\image_0101.jpg,0,56.775356,-16.450737
20210413,C:\junha\Datasets\LTDv2\frames\frames\20210413\clip_53_2351\image_0102.jpg,0,56.784294,-16.478168
20210413,C:\junha\Datasets\LTDv2\frames\frames\20210413\clip_53_2351\image_0103.jpg,0,57.006165,-17.340572
20210413,C:\junha\Datasets\LTDv2\frames\frames\20210413\clip_53_2351\image_0104.jpg,0,56.96791,-17.392849
20210413,C:\junha\Datasets\LTDv2\frames\frames\20210413\clip_53_2351\image_0105.jpg,0,57.386055,-17.993847
20210413,C:\junha\Datasets\LTDv2\frames\frames\20210413\clip_53_2351\image_0106.jpg,0,57.32103,-17.890514
20210413,C:\junha\Datasets\LTDv2\frames\frames\20210413\clip_53_2351\image_0107.jpg,0,58.03747,-14.154806
20210413,C:\junha\Datasets\LTDv2\frames\frames\20210413\clip_53_2351\image_0108.jpg,0,58.074642,-13.889635
20210413,C:\junha\Datasets\LTDv2\frames\frames\20210413\clip_53_2351\image_0109.jpg,0,58.04276,-17.013258
20210413,C:\junha\Datasets\LTDv2\frames\frames\20210413\clip_53_2351\image_0110.jpg,0,57.88924,-17.03673
20210413,C:\junha\Datasets\LTDv2\frames\frames\20210413\clip_53_2351\image_0111.jpg,0,55.117386,-12.23218
20210413,C:\junha\Datasets\LTDv2\frames\frames\20210413\clip_53_2351\image_0112.jpg,0,55.019848,-12.278107
20210413,C:\junha\Datasets\LTDv2\frames\frames\20210413\clip_53_2351\image_0113.jpg,0,55.83891,-13.734583
20210413,C:\junha\Datasets\LTDv2\frames\frames\20210413\clip_53_2351\image_0114.jpg,0,55.80611,-13.716947
20210413,C:\junha\Datasets\LTDv2\frames\frames\20210413\clip_53_2351\image_0115.jpg,0,56.181046,-12.688976
20210413,C:\junha\Datasets\LTDv2\frames\frames\20210413\clip_53_2351\image_0116.jpg,0,56.21726,-12.676392
20210413,C:\junha\Datasets\LTDv2\frames\frames\20210413\clip_53_2351\image_0117.jpg,0,59.706627,-18.236002
20210413,C:\junha\Datasets\LTDv2\frames\frames\20210413\clip_53_2351\image_0118.jpg,0,59.726063,-18.26831
20210413,C:\junha\Datasets\LTDv2\frames\frames\20210413\clip_53_2351\image_0119.jpg,0,57.889603,-9.888189
20210413,C:\junha\Datasets\LTDv2\frames\frames\20210413\clip_5_0220\image_0000.jpg,1,-16.183489,-66.55214
20210413,C:\junha\Datasets\LTDv2\frames\frames\20210413\clip_5_0220\image_0001.jpg,1,-17.125095,-68.640785
20210413,C:\junha\Datasets\LTDv2\frames\frames\20210413\clip_5_0220\image_0002.jpg,1,-16.428825,-67.533676
20210413,C:\junha\Datasets\LTDv2\frames\frames\20210413\clip_5_0220\image_0003.jpg,1,-17.137682,-68.25852
20210413,C:\junha\Datasets\LTDv2\frames\frames\20210413\clip_5_0220\image_0004.jpg,1,-16.251898,-66.76172
20210413,C:\junha\Datasets\LTDv2\frames\frames\20210413\clip_5_0220\image_0005.jpg,1,-16.74836,-67.95829
20210413,C:\junha\Datasets\LTDv2\frames\frames\20210413\clip_5_0220\image_0006.jpg,1,-16.698229,-67.63927
20210413,C:\junha\Datasets\LTDv2\frames\frames\20210413\clip_5_0220\image_0007.jpg,1,-16.279562,-67.03059
20210413,C:\junha\Datasets\LTDv2\frames\frames\20210413\clip_5_0220\image_0008.jpg,1,-16.516493,-67.58131
20210413,C:\junha\Datasets\LTDv2\frames\frames\20210413\clip_5_0220\image_0009.jpg,1,-17.634562,-69.57498
20210413,C:\junha\Datasets\LTDv2\frames\frames\20210413\clip_5_0220\image_0010.jpg,1,-17.936308,-69.494225
20210413,C:\junha\Datasets\LTDv2\frames\frames\20210413\clip_5_0220\image_0011.jpg,1,-17.893522,-69.38669
20210413,C:\junha\Datasets\LTDv2\frames\frames\20210413\clip_5_0220\image_0012.jpg,1,-17.432049,-68.903206
20210413,C:\junha\Datasets\LTDv2\frames\frames\20210413\clip_5_0220\image_0013.jpg,1,-17.313179,-68.945435
20210413,C:\junha\Datasets\LTDv2\frames\frames\20210413\clip_5_0220\image_0014.jpg,1,-17.591383,-69.146904
20210413,C:\junha\Datasets\LTDv2\frames\frames\20210413\clip_5_0220\image_0015.jpg,1,-16.02587,-68.1571
20210413,C:\junha\Datasets\LTDv2\frames\frames\20210413\clip_5_0220\image_0016.jpg,1,-16.260765,-68.41305
20210413,C:\junha\Datasets\LTDv2\frames\frames\20210413\clip_5_0220\image_0017.jpg,1,-16.172121,-66.847786
20210413,C:\junha\Datasets\LTDv2\frames\frames\20210413\clip_5_0220\image_0018.jpg,1,-16.465189,-68.52941
20210413,C:\junha\Datasets\LTDv2\frames\frames\20210413\clip_5_0220\image_0019.jpg,1,-16.88594,-70.31021
20210413,C:\junha\Datasets\LTDv2\frames\frames\20210413\clip_5_0220\image_0020.jpg,1,-16.60365,-69.968666
20210413,C:\junha\Datasets\LTDv2\frames\frames\20210413\clip_5_0220\image_0021.jpg,1,-17.824646,-71.8309
20210413,C:\junha\Datasets\LTDv2\frames\frames\20210413\clip_5_0220\image_0022.jpg,1,-17.075302,-70.82821
20210413,C:\junha\Datasets\LTDv2\frames\frames\20210413\clip_5_0220\image_0023.jpg,1,-18.169558,-72.198326
20210413,C:\junha\Datasets\LTDv2\frames\frames\20210413\clip_5_0220\image_0024.jpg,1,-17.996845,-72.08112
20210413,C:\junha\Datasets\LTDv2\frames\frames\20210413\clip_5_0220\image_0025.jpg,1,-18.53146,-73.59166
20210413,C:\junha\Datasets\LTDv2\frames\frames\20210413\clip_5_0220\image_0026.jpg,1,-18.392504,-74.191
20210413,C:\junha\Datasets\LTDv2\frames\frames\20210413\clip_5_0220\image_0027.jpg,1,-18.17361,-72.59754
20210413,C:\junha\Datasets\LTDv2\frames\frames\20210413\clip_5_0220\image_0028.jpg,1,-17.86366,-72.640686
20210413,C:\junha\Datasets\LTDv2\frames\frames\20210413\clip_5_0220\image_0029.jpg,1,-18.815239,-73.20777
20210413,C:\junha\Datasets\LTDv2\frames\frames\20210413\clip_5_0220\image_0030.jpg,1,-18.897669,-73.1291
20210413,C:\junha\Datasets\LTDv2\frames\frames\20210413\clip_5_0220\image_0031.jpg,1,-16.043158,-70.49159
20210413,C:\junha\Datasets\LTDv2\frames\frames\20210413\clip_5_0220\image_0032.jpg,1,-17.624048,-76.87083
20210413,C:\junha\Datasets\LTDv2\frames\frames\20210413\clip_5_0220\image_0033.jpg,1,-17.409996,-75.26955
20210413,C:\junha\Datasets\LTDv2\frames\frames\20210413\clip_5_0220\image_0034.jpg,1,-17.36791,-75.174576
20210413,C:\junha\Datasets\LTDv2\frames\frames\20210413\clip_5_0220\image_0035.jpg,1,-17.789454,-76.17893
20210413,C:\junha\Datasets\LTDv2\frames\frames\20210413\clip_5_0220\image_0036.jpg,1,-17.50639,-76.84596
20210413,C:\junha\Datasets\LTDv2\frames\frames\20210413\clip_5_0220\image_0037.jpg,1,-17.587215,-76.80251
20210413,C:\junha\Datasets\LTDv2\frames\frames\20210413\clip_5_0220\image_0038.jpg,1,-17.551813,-76.84783
20210413,C:\junha\Datasets\LTDv2\frames\frames\20210413\clip_5_0220\image_0039.jpg,1,-17.103855,-72.70921
20210413,C:\junha\Datasets\LTDv2\frames\frames\20210413\clip_5_0220\image_0040.jpg,1,-17.251196,-73.0026
20210413,C:\junha\Datasets\LTDv2\frames\frames\20210413\clip_5_0220\image_0041.jpg,1,-16.986904,-72.22007
20210413,C:\junha\Datasets\LTDv2\frames\frames\20210413\clip_5_0220\image_0042.jpg,1,-16.925344,-72.04346
20210413,C:\junha\Datasets\LTDv2\frames\frames\20210413\clip_5_0220\image_0043.jpg,1,-17.024681,-72.47951
20210413,C:\junha\Datasets\LTDv2\frames\frames\20210413\clip_5_0220\image_0044.jpg,1,-16.983713,-72.222466
20210413,C:\junha\Datasets\LTDv2\frames\frames\20210413\clip_5_0220\image_0045.jpg,1,-16.959963,-73.48981
20210413,C:\junha\Datasets\LTDv2\frames\frames\20210413\clip_5_0220\image_0046.jpg,1,-17.101538,-73.259705
20210413,C:\junha\Datasets\LTDv2\frames\frames\20210413\clip_5_0220\image_0047.jpg,1,-17.046438,-73.632034
20210413,C:\junha\Datasets\LTDv2\frames\frames\20210413\clip_5_0220\image_0048.jpg,1,-16.971848,-73.60894
20210413,C:\junha\Datasets\LTDv2\frames\frames\20210413\clip_5_0220\image_0049.jpg,1,-19.611116,-74.85741
20210413,C:\junha\Datasets\LTDv2\frames\frames\20210413\clip_5_0220\image_0050.jpg,1,-19.558287,-74.95265
20210413,C:\junha\Datasets\LTDv2\frames\frames\20210413\clip_5_0220\image_0051.jpg,1,-19.306194,-74.83761
20210413,C:\junha\Datasets\LTDv2\frames\frames\20210413\clip_5_0220\image_0052.jpg,1,-19.18867,-74.85944
20210413,C:\junha\Datasets\LTDv2\frames\frames\20210413\clip_5_0220\image_0053.jpg,1,-16.078617,-77.177986
20210413,C:\junha\Datasets\LTDv2\frames\frames\20210413\clip_5_0220\image_0054.jpg,1,-16.03075,-77.37979
20210413,C:\junha\Datasets\LTDv2\frames\frames\20210413\clip_5_0220\image_0055.jpg,1,-15.767293,-77.87045
20210413,C:\junha\Datasets\LTDv2\frames\frames\20210413\clip_5_0220\image_0056.jpg,5,-15.471265,-78.42335
20210413,C:\junha\Datasets\LTDv2\frames\frames\20210413\clip_5_0220\image_0057.jpg,1,-15.878541,-76.114265
20210413,C:\junha\Datasets\LTDv2\frames\frames\20210413\clip_5_0220\image_0058.jpg,1,-15.852433,-76.2679
20210413,C:\junha\Datasets\LTDv2\frames\frames\20210413\clip_5_0220\image_0059.jpg,1,-16.438,-72.71576
20210413,C:\junha\Datasets\LTDv2\frames\frames\20210413\clip_5_0220\image_0060.jpg,1,-16.145021,-73.15481
20210413,C:\junha\Datasets\LTDv2\frames\frames\20210413\clip_5_0220\image_0061.jpg,1,-15.299065,-72.65395
20210413,C:\junha\Datasets\LTDv2\frames\frames\20210413\clip_5_0220\image_0062.jpg,1,-15.377822,-72.91594
20210413,C:\junha\Datasets\LTDv2\frames\frames\20210413\clip_5_0220\image_0063.jpg,1,-14.174284,-77.1913
20210413,C:\junha\Datasets\LTDv2\frames\frames\20210413\clip_5_0220\image_0064.jpg,5,-14.033696,-77.36294
20210413,C:\junha\Datasets\LTDv2\frames\frames\20210413\clip_5_0220\image_0065.jpg,1,-14.204908,-76.22533
20210413,C:\junha\Datasets\LTDv2\frames\frames\20210413\clip_5_0220\image_0066.jpg,1,-14.049894,-76.2963
20210413,C:\junha\Datasets\LTDv2\frames\frames\20210413\clip_5_0220\image_0067.jpg,1,-15.110466,-72.16855
20210413,C:\junha\Datasets\LTDv2\frames\frames\20210413\clip_5_0220\image_0068.jpg,1,-15.139216,-72.28668
20210413,C:\junha\Datasets\LTDv2\frames\frames\20210413\clip_5_0220\image_0069.jpg,1,-15.397027,-75.22778
20210413,C:\junha\Datasets\LTDv2\frames\frames\20210413\clip_5_0220\image_0070.jpg,1,-13.979662,-74.59332
20210413,C:\junha\Datasets\LTDv2\frames\frames\20210413\clip_5_0220\image_0071.jpg,1,-14.981969,-74.3865
20210413,C:\junha\Datasets\LTDv2\frames\frames\20210413\clip_5_0220\image_0072.jpg,1,-14.973616,-71.681046
20210413,C:\junha\Datasets\LTDv2\frames\frames\20210413\clip_5_0220\image_0073.jpg,1,-13.971082,-73.82822
20210413,C:\junha\Datasets\LTDv2\frames\frames\20210413\clip_5_0220\image_0074.jpg,1,-14.941502,-74.48389
20210413,C:\junha\Datasets\LTDv2\frames\frames\20210413\clip_5_0220\image_0075.jpg,1,-14.4202585,-73.134384
20210413,C:\junha\Datasets\LTDv2\frames\frames\20210413\clip_5_0220\image_0076.jpg,1,-14.460954,-73.65378
20210413,C:\junha\Datasets\LTDv2\frames\frames\20210413\clip_5_0220\image_0077.jpg,1,-13.715977,-74.17089
20210413,C:\junha\Datasets\LTDv2\frames\frames\20210413\clip_5_0220\image_0078.jpg,1,-13.665398,-74.14584
20210413,C:\junha\Datasets\LTDv2\frames\frames\20210413\clip_5_0220\image_0079.jpg,1,-14.001855,-71.40698
20210413,C:\junha\Datasets\LTDv2\frames\frames\20210413\clip_5_0220\image_0080.jpg,1,-14.022571,-71.60606
20210413,C:\junha\Datasets\LTDv2\frames\frames\20210413\clip_5_0220\image_0081.jpg,1,-12.842559,-72.98352
20210413,C:\junha\Datasets\LTDv2\frames\frames\20210413\clip_5_0220\image_0082.jpg,1,-12.075397,-73.67277
20210413,C:\junha\Datasets\LTDv2\frames\frames\20210413\clip_5_0220\image_0083.jpg,1,-14.2510395,-71.50095
20210413,C:\junha\Datasets\LTDv2\frames\frames\20210413\clip_5_0220\image_0084.jpg,1,-11.955616,-73.519325
20210413,C:\junha\Datasets\LTDv2\frames\frames\20210413\clip_5_0220\image_0085.jpg,1,-13.870636,-72.22179
20210413,C:\junha\Datasets\LTDv2\frames\frames\20210413\clip_5_0220\image_0086.jpg,1,-14.028145,-72.29001
20210413,C:\junha\Datasets\LTDv2\frames\frames\20210413\clip_5_0220\image_0087.jpg,1,-13.617459,-74.850746
20210413,C:\junha\Datasets\LTDv2\frames\frames\20210413\clip_5_0220\image_0088.jpg,1,-13.644714,-75.00709
20210413,C:\junha\Datasets\LTDv2\frames\frames\20210413\clip_5_0220\image_0089.jpg,1,-14.857678,-73.681786
20210413,C:\junha\Datasets\LTDv2\frames\frames\20210413\clip_5_0220\image_0090.jpg,1,-12.909738,-74.821724
20210413,C:\junha\Datasets\LTDv2\frames\frames\20210413\clip_5_0220\image_0091.jpg,1,-12.738422,-72.308014
20210413,C:\junha\Datasets\LTDv2\frames\frames\20210413\clip_5_0220\image_0092.jpg,1,-12.753452,-74.65723
20210413,C:\junha\Datasets\LTDv2\frames\frames\20210413\clip_5_0220\image_0093.jpg,5,-13.283527,-78.191574
20210413,C:\junha\Datasets\LTDv2\frames\frames\20210413\clip_5_0220\image_0094.jpg,5,-13.176482,-78.54899
20210413,C:\junha\Datasets\LTDv2\frames\frames\20210413\clip_5_0220\image_0095.jpg,5,-13.055393,-78.48835
20210413,C:\junha\Datasets\LTDv2\frames\frames\20210413\clip_5_0220\image_0096.jpg,5,-13.145931,-77.98266
20210413,C:\junha\Datasets\LTDv2\frames\frames\20210413\clip_5_0220\image_0097.jpg,1,-12.527929,-75.40749
20210413,C:\junha\Datasets\LTDv2\frames\frames\20210413\clip_5_0220\image_0098.jpg,1,-12.461778,-76.034744
20210413,C:\junha\Datasets\LTDv2\frames\frames\20210413\clip_5_0220\image_0099.jpg,5,-14.060172,-79.37791
20210413,C:\junha\Datasets\LTDv2\frames\frames\20210413\clip_5_0220\image_0100.jpg,5,-14.143763,-79.55863
20210413,C:\junha\Datasets\LTDv2\frames\frames\20210413\clip_5_0220\image_0101.jpg,5,-14.192586,-78.937004
20210413,C:\junha\Datasets\LTDv2\frames\frames\20210413\clip_5_0220\image_0102.jpg,5,-14.039646,-78.87612
20210413,C:\junha\Datasets\LTDv2\frames\frames\20210413\clip_5_0220\image_0103.jpg,5,-14.301398,-79.00841
20210413,C:\junha\Datasets\LTDv2\frames\frames\20210413\clip_5_0220\image_0104.jpg,5,-14.13795,-78.60216
20210413,C:\junha\Datasets\LTDv2\frames\frames\20210413\clip_5_0220\image_0105.jpg,5,-14.220685,-79.711395
20210413,C:\junha\Datasets\LTDv2\frames\frames\20210413\clip_5_0220\image_0106.jpg,5,-14.264726,-79.81447
20210413,C:\junha\Datasets\LTDv2\frames\frames\20210413\clip_5_0220\image_0107.jpg,1,-12.87207,-76.9115
20210413,C:\junha\Datasets\LTDv2\frames\frames\20210413\clip_5_0220\image_0108.jpg,1,-12.9926,-77.58019
20210413,C:\junha\Datasets\LTDv2\frames\frames\20210413\clip_5_0220\image_0109.jpg,1,-13.411326,-75.707344
20210413,C:\junha\Datasets\LTDv2\frames\frames\20210413\clip_5_0220\image_0110.jpg,1,-13.04311,-77.25318
20210413,C:\junha\Datasets\LTDv2\frames\frames\20210413\clip_5_0220\image_0111.jpg,5,-15.012028,-79.2996
20210413,C:\junha\Datasets\LTDv2\frames\frames\20210413\clip_5_0220\image_0112.jpg,5,-14.887405,-79.354836
20210413,C:\junha\Datasets\LTDv2\frames\frames\20210413\clip_5_0220\image_0113.jpg,1,-16.072369,-79.17903
20210413,C:\junha\Datasets\LTDv2\frames\frames\20210413\clip_5_0220\image_0114.jpg,5,-15.288713,-79.39626
20210413,C:\junha\Datasets\LTDv2\frames\frames\20210413\clip_5_0220\image_0115.jpg,1,-15.0364,-76.18973
20210413,C:\junha\Datasets\LTDv2\frames\frames\20210413\clip_5_0220\image_0116.jpg,1,-14.635318,-75.67595
20210413,C:\junha\Datasets\LTDv2\frames\frames\20210413\clip_5_0220\image_0117.jpg,1,-12.561273,-72.514015
20210413,C:\junha\Datasets\LTDv2\frames\frames\20210413\clip_5_0220\image_0118.jpg,1,-12.518781,-74.396545
20210413,C:\junha\Datasets\LTDv2\frames\frames\20210413\clip_5_0220\image_0119.jpg,5,-13.025354,-79.0943
20210413,C:\junha\Datasets\LTDv2\frames\frames\20210413\clip_6_0226\image_0000.jpg,1,-32.955826,-49.304256
20210413,C:\junha\Datasets\LTDv2\frames\frames\20210413\clip_6_0226\image_0001.jpg,1,-33.5116,-48.635635
20210413,C:\junha\Datasets\LTDv2\frames\frames\20210413\clip_6_0226\image_0002.jpg,1,-33.296806,-48.73134
20210413,C:\junha\Datasets\LTDv2\frames\frames\20210413\clip_6_0226\image_0003.jpg,1,-33.052048,-48.768734
20210413,C:\junha\Datasets\LTDv2\frames\frames\20210413\clip_6_0226\image_0004.jpg,1,-33.224495,-48.827576
20210413,C:\junha\Datasets\LTDv2\frames\frames\20210413\clip_6_0226\image_0005.jpg,1,-33.596584,-49.21054
20210413,C:\junha\Datasets\LTDv2\frames\frames\20210413\clip_6_0226\image_0006.jpg,1,-33.561737,-49.317513
20210413,C:\junha\Datasets\LTDv2\frames\frames\20210413\clip_6_0226\image_0007.jpg,1,-34.84686,-48.13967
20210413,C:\junha\Datasets\LTDv2\frames\frames\20210413\clip_6_0226\image_0008.jpg,1,-34.45959,-48.450512
20210413,C:\junha\Datasets\LTDv2\frames\frames\20210413\clip_6_0226\image_0009.jpg,1,-28.216967,-51.45647
20210413,C:\junha\Datasets\LTDv2\frames\frames\20210413\clip_6_0226\image_0010.jpg,1,-28.279646,-51.74134
20210413,C:\junha\Datasets\LTDv2\frames\frames\20210413\clip_6_0226\image_0011.jpg,1,-33.56582,-51.92983
20210413,C:\junha\Datasets\LTDv2\frames\frames\20210413\clip_6_0226\image_0012.jpg,1,-32.96321,-50.2553
20210413,C:\junha\Datasets\LTDv2\frames\frames\20210413\clip_6_0226\image_0013.jpg,1,-33.93121,-49.65927
20210413,C:\junha\Datasets\LTDv2\frames\frames\20210413\clip_6_0226\image_0014.jpg,1,-33.653816,-49.778538
20210413,C:\junha\Datasets\LTDv2\frames\frames\20210413\clip_6_0226\image_0015.jpg,1,-32.61244,-50.694138
20210413,C:\junha\Datasets\LTDv2\frames\frames\20210413\clip_6_0226\image_0016.jpg,1,-32.492878,-50.77465
20210413,C:\junha\Datasets\LTDv2\frames\frames\20210413\clip_6_0226\image_0017.jpg,1,-33.324165,-50.9547
20210413,C:\junha\Datasets\LTDv2\frames\frames\20210413\clip_6_0226\image_0018.jpg,1,-33.272377,-51.040627
20210413,C:\junha\Datasets\LTDv2\frames\frames\20210413\clip_6_0226\image_0019.jpg,1,-32.73869,-52.04092
20210413,C:\junha\Datasets\LTDv2\frames\frames\20210413\clip_6_0226\image_0020.jpg,1,-32.60968,-51.81504
20210413,C:\junha\Datasets\LTDv2\frames\frames\20210413\clip_6_0226\image_0021.jpg,1,-34.779015,-52.554546
20210413,C:\junha\Datasets\LTDv2\frames\frames\20210413\clip_6_0226\image_0022.jpg,1,-34.617596,-52.562782
20210413,C:\junha\Datasets\LTDv2\frames\frames\20210413\clip_6_0226\image_0023.jpg,1,-34.77776,-52.402306
20210413,C:\junha\Datasets\LTDv2\frames\frames\20210413\clip_6_0226\image_0024.jpg,1,-34.71354,-52.388824
20210413,C:\junha\Datasets\LTDv2\frames\frames\20210413\clip_6_0226\image_0025.jpg,1,-32.295444,-52.95596
20210413,C:\junha\Datasets\LTDv2\frames\frames\20210413\clip_6_0226\image_0026.jpg,1,-32.254322,-53.113853
20210413,C:\junha\Datasets\LTDv2\frames\frames\20210413\clip_6_0226\image_0027.jpg,1,-31.756807,-53.24216
20210413,C:\junha\Datasets\LTDv2\frames\frames\20210413\clip_6_0226\image_0028.jpg,1,-31.756905,-52.938614
20210413,C:\junha\Datasets\LTDv2\frames\frames\20210413\clip_6_0226\image_0029.jpg,1,-31.865461,-49.71851
20210413,C:\junha\Datasets\LTDv2\frames\frames\20210413\clip_6_0226\image_0030.jpg,1,-31.8784,-50.004055
20210413,C:\junha\Datasets\LTDv2\frames\frames\20210413\clip_6_0226\image_0031.jpg,1,-29.579792,-51.786453
20210413,C:\junha\Datasets\LTDv2\frames\frames\20210413\clip_6_0226\image_0032.jpg,1,-29.84918,-51.81909
20210413,C:\junha\Datasets\LTDv2\frames\frames\20210413\clip_6_0226\image_0033.jpg,1,-29.766136,-52.79084
20210413,C:\junha\Datasets\LTDv2\frames\frames\20210413\clip_6_0226\image_0034.jpg,1,-29.951466,-53.37594
20210413,C:\junha\Datasets\LTDv2\frames\frames\20210413\clip_6_0226\image_0035.jpg,1,-29.03712,-55.24433
20210413,C:\junha\Datasets\LTDv2\frames\frames\20210413\clip_6_0226\image_0036.jpg,1,-32.086723,-50.97577
20210413,C:\junha\Datasets\LTDv2\frames\frames\20210413\clip_6_0226\image_0037.jpg,1,-29.471556,-54.952137
20210413,C:\junha\Datasets\LTDv2\frames\frames\20210413\clip_6_0226\image_0038.jpg,1,-29.3521,-55.028275
20210413,C:\junha\Datasets\LTDv2\frames\frames\20210413\clip_6_0226\image_0039.jpg,1,-30.501406,-54.89634
20210413,C:\junha\Datasets\LTDv2\frames\frames\20210413\clip_6_0226\image_0040.jpg,1,-30.491594,-54.88944
20210413,C:\junha\Datasets\LTDv2\frames\frames\20210413\clip_6_0226\image_0041.jpg,1,-30.60562,-53.858887
20210413,C:\junha\Datasets\LTDv2\frames\frames\20210413\clip_6_0226\image_0042.jpg,1,-30.746634,-53.717827
20210413,C:\junha\Datasets\LTDv2\frames\frames\20210413\clip_6_0226\image_0043.jpg,1,-30.901533,-52.46206
20210413,C:\junha\Datasets\LTDv2\frames\frames\20210413\clip_6_0226\image_0044.jpg,1,-32.198303,-48.255318
20210413,C:\junha\Datasets\LTDv2\frames\frames\20210413\clip_6_0226\image_0045.jpg,1,-29.533852,-54.195793
20210413,C:\junha\Datasets\LTDv2\frames\frames\20210413\clip_6_0226\image_0046.jpg,1,-29.84806,-54.017845
20210413,C:\junha\Datasets\LTDv2\frames\frames\20210413\clip_6_0226\image_0047.jpg,1,-28.452559,-55.77165
20210413,C:\junha\Datasets\LTDv2\frames\frames\20210413\clip_6_0226\image_0048.jpg,1,-28.490934,-55.83441
20210413,C:\junha\Datasets\LTDv2\frames\frames\20210413\clip_6_0226\image_0049.jpg,1,-30.92211,-53.31691
20210413,C:\junha\Datasets\LTDv2\frames\frames\20210413\clip_6_0226\image_0050.jpg,1,-30.862186,-53.432297
20210413,C:\junha\Datasets\LTDv2\frames\frames\20210413\clip_6_0226\image_0051.jpg,1,-30.341908,-52.947
20210413,C:\junha\Datasets\LTDv2\frames\frames\20210413\clip_6_0226\image_0052.jpg,1,-30.528858,-50.097023
20210413,C:\junha\Datasets\LTDv2\frames\frames\20210413\clip_6_0226\image_0053.jpg,1,-31.11411,-51.63208
20210413,C:\junha\Datasets\LTDv2\frames\frames\20210413\clip_6_0226\image_0054.jpg,1,-31.04653,-51.294773
20210413,C:\junha\Datasets\LTDv2\frames\frames\20210413\clip_6_0226\image_0055.jpg,1,-29.86239,-50.46338
20210413,C:\junha\Datasets\LTDv2\frames\frames\20210413\clip_6_0226\image_0056.jpg,1,-30.040094,-50.439304
20210413,C:\junha\Datasets\LTDv2\frames\frames\20210413\clip_6_0226\image_0057.jpg,1,-31.309656,-47.752686
20210413,C:\junha\Datasets\LTDv2\frames\frames\20210413\clip_6_0226\image_0058.jpg,1,-31.2462,-47.69053
20210413,C:\junha\Datasets\LTDv2\frames\frames\20210413\clip_6_0226\image_0059.jpg,1,-30.882402,-49.137566
20210413,C:\junha\Datasets\LTDv2\frames\frames\20210413\clip_6_0226\image_0060.jpg,1,-30.899832,-49.070816
20210413,C:\junha\Datasets\LTDv2\frames\frames\20210413\clip_6_0226\image_0061.jpg,1,-30.85167,-48.96678
20210413,C:\junha\Datasets\LTDv2\frames\frames\20210413\clip_6_0226\image_0062.jpg,1,-30.864126,-48.967136
20210413,C:\junha\Datasets\LTDv2\frames\frames\20210413\clip_6_0226\image_0063.jpg,1,-30.790508,-48.591095
20210413,C:\junha\Datasets\LTDv2\frames\frames\20210413\clip_6_0226\image_0064.jpg,1,-30.727625,-48.02897
20210413,C:\junha\Datasets\LTDv2\frames\frames\20210413\clip_6_0226\image_0065.jpg,1,-30.781961,-48.85032
20210413,C:\junha\Datasets\LTDv2\frames\frames\20210413\clip_6_0226\image_0066.jpg,1,-30.557974,-48.653713
20210413,C:\junha\Datasets\LTDv2\frames\frames\20210413\clip_6_0226\image_0067.jpg,1,-29.907585,-46.559624
20210413,C:\junha\Datasets\LTDv2\frames\frames\20210413\clip_6_0226\image_0068.jpg,1,-29.925632,-46.459167
20210413,C:\junha\Datasets\LTDv2\frames\frames\20210413\clip_6_0226\image_0069.jpg,1,-29.195236,-47.114742
20210413,C:\junha\Datasets\LTDv2\frames\frames\20210413\clip_6_0226\image_0070.jpg,1,-29.213018,-47.13488
20210413,C:\junha\Datasets\LTDv2\frames\frames\20210413\clip_6_0226\image_0071.jpg,1,-28.331509,-48.452835
20210413,C:\junha\Datasets\LTDv2\frames\frames\20210413\clip_6_0226\image_0072.jpg,1,-28.431782,-48.41768
20210413,C:\junha\Datasets\LTDv2\frames\frames\20210413\clip_6_0226\image_0073.jpg,1,-28.376125,-48.600464
20210413,C:\junha\Datasets\LTDv2\frames\frames\20210413\clip_6_0226\image_0074.jpg,1,-28.017786,-48.922234
20210413,C:\junha\Datasets\LTDv2\frames\frames\20210413\clip_6_0226\image_0075.jpg,1,-27.653332,-49.439426
20210413,C:\junha\Datasets\LTDv2\frames\frames\20210413\clip_6_0226\image_0076.jpg,1,-27.349766,-49.714565
20210413,C:\junha\Datasets\LTDv2\frames\frames\20210413\clip_6_0226\image_0077.jpg,1,-24.148094,-51.45935
20210413,C:\junha\Datasets\LTDv2\frames\frames\20210413\clip_6_0226\image_0078.jpg,1,-23.13238,-52.863243
20210413,C:\junha\Datasets\LTDv2\frames\frames\20210413\clip_6_0226\image_0079.jpg,1,-26.336061,-49.19033
20210413,C:\junha\Datasets\LTDv2\frames\frames\20210413\clip_6_0226\image_0080.jpg,1,-26.31422,-49.1017
20210413,C:\junha\Datasets\LTDv2\frames\frames\20210413\clip_6_0226\image_0081.jpg,1,-26.672106,-49.389618
20210413,C:\junha\Datasets\LTDv2\frames\frames\20210413\clip_6_0226\image_0082.jpg,1,-26.67595,-49.39153
20210413,C:\junha\Datasets\LTDv2\frames\frames\20210413\clip_6_0226\image_0083.jpg,1,-24.134972,-51.30579
20210413,C:\junha\Datasets\LTDv2\frames\frames\20210413\clip_6_0226\image_0084.jpg,1,-24.631493,-50.79064
20210413,C:\junha\Datasets\LTDv2\frames\frames\20210413\clip_6_0226\image_0085.jpg,1,-23.663046,-51.930717
20210413,C:\junha\Datasets\LTDv2\frames\frames\20210413\clip_6_0226\image_0086.jpg,1,-23.777378,-51.936268
20210413,C:\junha\Datasets\LTDv2\frames\frames\20210413\clip_6_0226\image_0087.jpg,1,-24.642553,-50.61874
20210413,C:\junha\Datasets\LTDv2\frames\frames\20210413\clip_6_0226\image_0088.jpg,1,-24.738781,-50.366898
20210413,C:\junha\Datasets\LTDv2\frames\frames\20210413\clip_6_0226\image_0089.jpg,1,-24.41397,-52.613262
20210413,C:\junha\Datasets\LTDv2\frames\frames\20210413\clip_6_0226\image_0090.jpg,1,-24.447323,-52.60717
20210413,C:\junha\Datasets\LTDv2\frames\frames\20210413\clip_6_0226\image_0091.jpg,1,-25.845528,-49.816223
20210413,C:\junha\Datasets\LTDv2\frames\frames\20210413\clip_6_0226\image_0092.jpg,1,-25.684753,-49.783226
20210413,C:\junha\Datasets\LTDv2\frames\frames\20210413\clip_6_0226\image_0093.jpg,1,-23.346603,-53.399014
20210413,C:\junha\Datasets\LTDv2\frames\frames\20210413\clip_6_0226\image_0094.jpg,1,-23.333693,-53.493362
20210413,C:\junha\Datasets\LTDv2\frames\frames\20210413\clip_6_0226\image_0095.jpg,1,-27.311438,-54.44368
20210413,C:\junha\Datasets\LTDv2\frames\frames\20210413\clip_6_0226\image_0096.jpg,1,-27.383419,-54.504417
20210413,C:\junha\Datasets\LTDv2\frames\frames\20210413\clip_6_0226\image_0097.jpg,1,-27.13794,-55.138126
20210413,C:\junha\Datasets\LTDv2\frames\frames\20210413\clip_6_0226\image_0098.jpg,1,-26.876104,-54.905533
20210413,C:\junha\Datasets\LTDv2\frames\frames\20210413\clip_6_0226\image_0099.jpg,1,-26.121552,-50.225346
20210413,C:\junha\Datasets\LTDv2\frames\frames\20210413\clip_6_0226\image_0100.jpg,1,-26.143785,-50.279064
20210413,C:\junha\Datasets\LTDv2\frames\frames\20210413\clip_6_0226\image_0101.jpg,1,-26.89172,-50.3929
20210413,C:\junha\Datasets\LTDv2\frames\frames\20210413\clip_6_0226\image_0102.jpg,1,-26.870228,-50.342106
20210413,C:\junha\Datasets\LTDv2\frames\frames\20210413\clip_6_0226\image_0103.jpg,1,-25.56831,-52.503906
20210413,C:\junha\Datasets\LTDv2\frames\frames\20210413\clip_6_0226\image_0104.jpg,1,-25.637411,-52.419167
20210413,C:\junha\Datasets\LTDv2\frames\frames\20210413\clip_6_0226\image_0105.jpg,1,-26.181417,-52.03336
20210413,C:\junha\Datasets\LTDv2\frames\frames\20210413\clip_6_0226\image_0106.jpg,1,-26.125267,-52.39826
20210413,C:\junha\Datasets\LTDv2\frames\frames\20210413\clip_6_0226\image_0107.jpg,1,-26.847862,-51.00421
20210413,C:\junha\Datasets\LTDv2\frames\frames\20210413\clip_6_0226\image_0108.jpg,1,-26.906536,-51.047256
20210413,C:\junha\Datasets\LTDv2\frames\frames\20210413\clip_6_0226\image_0109.jpg,1,-25.414461,-48.31262
20210413,C:\junha\Datasets\LTDv2\frames\frames\20210413\clip_6_0226\image_0110.jpg,1,-25.40443,-48.465324
20210413,C:\junha\Datasets\LTDv2\frames\frames\20210413\clip_6_0226\image_0111.jpg,1,-25.134413,-53.868786
20210413,C:\junha\Datasets\LTDv2\frames\frames\20210413\clip_6_0226\image_0112.jpg,1,-25.232866,-53.86397
20210413,C:\junha\Datasets\LTDv2\frames\frames\20210413\clip_6_0226\image_0113.jpg,1,-25.217659,-54.416874
20210413,C:\junha\Datasets\LTDv2\frames\frames\20210413\clip_6_0226\image_0114.jpg,1,-25.114649,-54.63991
20210413,C:\junha\Datasets\LTDv2\frames\frames\20210413\clip_6_0226\image_0115.jpg,1,-24.853233,-54.772778
20210413,C:\junha\Datasets\LTDv2\frames\frames\20210413\clip_6_0226\image_0116.jpg,1,-25.0398,-54.72406
20210413,C:\junha\Datasets\LTDv2\frames\frames\20210413\clip_6_0226\image_0117.jpg,1,-26.05087,-53.655415
20210413,C:\junha\Datasets\LTDv2\frames\frames\20210413\clip_6_0226\image_0118.jpg,1,-26.121128,-53.742702
20210413,C:\junha\Datasets\LTDv2\frames\frames\20210413\clip_6_0226\image_0119.jpg,1,-26.96209,-53.134563
20210413,C:\junha\Datasets\LTDv2\frames\frames\20210413\clip_7_0254\image_0000.jpg,1,-41.24203,-59.283848
20210413,C:\junha\Datasets\LTDv2\frames\frames\20210413\clip_7_0254\image_0001.jpg,1,-41.210438,-59.298206
20210413,C:\junha\Datasets\LTDv2\frames\frames\20210413\clip_7_0254\image_0002.jpg,1,-40.034676,-59.828487
20210413,C:\junha\Datasets\LTDv2\frames\frames\20210413\clip_7_0254\image_0003.jpg,1,-40.03969,-59.842648
20210413,C:\junha\Datasets\LTDv2\frames\frames\20210413\clip_7_0254\image_0004.jpg,1,-41.54281,-59.256756
20210413,C:\junha\Datasets\LTDv2\frames\frames\20210413\clip_7_0254\image_0005.jpg,1,-41.52905,-59.251915
20210413,C:\junha\Datasets\LTDv2\frames\frames\20210413\clip_7_0254\image_0006.jpg,1,-33.919,-60.432358
20210413,C:\junha\Datasets\LTDv2\frames\frames\20210413\clip_7_0254\image_0007.jpg,1,-33.98228,-60.28706
20210413,C:\junha\Datasets\LTDv2\frames\frames\20210413\clip_7_0254\image_0008.jpg,1,-34.26837,-59.930595
20210413,C:\junha\Datasets\LTDv2\frames\frames\20210413\clip_7_0254\image_0009.jpg,1,-37.65957,-59.212746
20210413,C:\junha\Datasets\LTDv2\frames\frames\20210413\clip_7_0254\image_0010.jpg,1,-37.2873,-59.06464
20210413,C:\junha\Datasets\LTDv2\frames\frames\20210413\clip_7_0254\image_0011.jpg,5,-28.004673,-57.953438
20210413,C:\junha\Datasets\LTDv2\frames\frames\20210413\clip_7_0254\image_0012.jpg,1,-34.142265,-64.259705
20210413,C:\junha\Datasets\LTDv2\frames\frames\20210413\clip_7_0254\image_0013.jpg,1,-34.098663,-64.03172
20210413,C:\junha\Datasets\LTDv2\frames\frames\20210413\clip_7_0254\image_0014.jpg,1,-33.637375,-64.581314
20210413,C:\junha\Datasets\LTDv2\frames\frames\20210413\clip_7_0254\image_0015.jpg,1,-33.538933,-64.656944
20210413,C:\junha\Datasets\LTDv2\frames\frames\20210413\clip_7_0254\image_0016.jpg,1,-33.961002,-66.03466
20210413,C:\junha\Datasets\LTDv2\frames\frames\20210413\clip_7_0254\image_0017.jpg,1,-37.311604,-65.000725
20210413,C:\junha\Datasets\LTDv2\frames\frames\20210413\clip_7_0254\image_0018.jpg,1,-33.642776,-66.036255
20210413,C:\junha\Datasets\LTDv2\frames\frames\20210413\clip_7_0254\image_0019.jpg,1,-33.97079,-65.65329
20210413,C:\junha\Datasets\LTDv2\frames\frames\20210413\clip_7_0254\image_0020.jpg,1,-36.416725,-65.759995
20210413,C:\junha\Datasets\LTDv2\frames\frames\20210413\clip_7_0254\image_0021.jpg,1,-36.411156,-65.75494
20210413,C:\junha\Datasets\LTDv2\frames\frames\20210413\clip_7_0254\image_0022.jpg,1,-36.1412,-65.38888
20210413,C:\junha\Datasets\LTDv2\frames\frames\20210413\clip_7_0254\image_0023.jpg,1,-36.109184,-64.783585
20210413,C:\junha\Datasets\LTDv2\frames\frames\20210413\clip_7_0254\image_0024.jpg,1,-38.205124,-66.65726
20210413,C:\junha\Datasets\LTDv2\frames\frames\20210413\clip_7_0254\image_0025.jpg,1,-38.156143,-66.72324
20210413,C:\junha\Datasets\LTDv2\frames\frames\20210413\clip_7_0254\image_0026.jpg,1,-36.19152,-62.906452
20210413,C:\junha\Datasets\LTDv2\frames\frames\20210413\clip_7_0254\image_0027.jpg,1,-36.364243,-62.915337
20210413,C:\junha\Datasets\LTDv2\frames\frames\20210413\clip_7_0254\image_0028.jpg,1,-36.717693,-63.447342
20210413,C:\junha\Datasets\LTDv2\frames\frames\20210413\clip_7_0254\image_0029.jpg,1,-39.36296,-62.614902
20210413,C:\junha\Datasets\LTDv2\frames\frames\20210413\clip_7_0254\image_0030.jpg,1,-37.157032,-62.610504
20210413,C:\junha\Datasets\LTDv2\frames\frames\20210413\clip_7_0254\image_0031.jpg,1,-36.89559,-62.588707
20210413,C:\junha\Datasets\LTDv2\frames\frames\20210413\clip_7_0254\image_0032.jpg,1,-36.69519,-61.64958
20210413,C:\junha\Datasets\LTDv2\frames\frames\20210413\clip_7_0254\image_0033.jpg,1,-36.541313,-61.733498
20210413,C:\junha\Datasets\LTDv2\frames\frames\20210413\clip_7_0254\image_0034.jpg,1,-36.599567,-66.88779
20210413,C:\junha\Datasets\LTDv2\frames\frames\20210413\clip_7_0254\image_0035.jpg,1,-36.776352,-66.82526
20210413,C:\junha\Datasets\LTDv2\frames\frames\20210413\clip_7_0254\image_0036.jpg,1,-37.62603,-65.59929
20210413,C:\junha\Datasets\LTDv2\frames\frames\20210413\clip_7_0254\image_0037.jpg,1,-37.32071,-66.08643
20210413,C:\junha\Datasets\LTDv2\frames\frames\20210413\clip_7_0254\image_0038.jpg,1,-36.022503,-64.0026
20210413,C:\junha\Datasets\LTDv2\frames\frames\20210413\clip_7_0254\image_0039.jpg,1,-35.66857,-64.81153
20210413,C:\junha\Datasets\LTDv2\frames\frames\20210413\clip_7_0254\image_0040.jpg,1,-39.63126,-60.43477
20210413,C:\junha\Datasets\LTDv2\frames\frames\20210413\clip_7_0254\image_0041.jpg,1,-39.62432,-60.204937
20210413,C:\junha\Datasets\LTDv2\frames\frames\20210413\clip_7_0254\image_0042.jpg,1,-36.92992,-63.98679
20210413,C:\junha\Datasets\LTDv2\frames\frames\20210413\clip_7_0254\image_0043.jpg,1,-36.954956,-63.688614
20210413,C:\junha\Datasets\LTDv2\frames\frames\20210413\clip_7_0254\image_0044.jpg,1,-37.408047,-64.73849
20210413,C:\junha\Datasets\LTDv2\frames\frames\20210413\clip_7_0254\image_0045.jpg,1,-37.40748,-64.624344
20210413,C:\junha\Datasets\LTDv2\frames\frames\20210413\clip_7_0254\image_0046.jpg,1,-37.469307,-63.94991
20210413,C:\junha\Datasets\LTDv2\frames\frames\20210413\clip_7_0254\image_0047.jpg,1,-34.84433,-64.48134
20210413,C:\junha\Datasets\LTDv2\frames\frames\20210413\clip_7_0254\image_0048.jpg,1,-32.451126,-66.07927
20210413,C:\junha\Datasets\LTDv2\frames\frames\20210413\clip_7_0254\image_0049.jpg,1,-38.2734,-66.821915
20210413,C:\junha\Datasets\LTDv2\frames\frames\20210413\clip_7_0254\image_0050.jpg,1,-38.5904,-60.661564
20210413,C:\junha\Datasets\LTDv2\frames\frames\20210413\clip_7_0254\image_0051.jpg,1,-38.478626,-60.765705
20210413,C:\junha\Datasets\LTDv2\frames\frames\20210413\clip_7_0254\image_0052.jpg,1,-39.55937,-59.52082
20210413,C:\junha\Datasets\LTDv2\frames\frames\20210413\clip_7_0254\image_0053.jpg,1,-38.912273,-59.518738
20210413,C:\junha\Datasets\LTDv2\frames\frames\20210413\clip_7_0254\image_0054.jpg,1,-38.449017,-59.265556
20210413,C:\junha\Datasets\LTDv2\frames\frames\20210413\clip_7_0254\image_0055.jpg,1,-38.023457,-59.241226
20210413,C:\junha\Datasets\LTDv2\frames\frames\20210413\clip_7_0254\image_0056.jpg,1,-35.80572,-64.04744
20210413,C:\junha\Datasets\LTDv2\frames\frames\20210413\clip_7_0254\image_0057.jpg,1,-35.22023,-64.253746
20210413,C:\junha\Datasets\LTDv2\frames\frames\20210413\clip_7_0254\image_0058.jpg,1,-33.95155,-65.28813
20210413,C:\junha\Datasets\LTDv2\frames\frames\20210413\clip_7_0254\image_0059.jpg,1,-33.76699,-63.60944
20210413,C:\junha\Datasets\LTDv2\frames\frames\20210413\clip_7_0254\image_0060.jpg,1,-35.187275,-59.579247
20210413,C:\junha\Datasets\LTDv2\frames\frames\20210413\clip_7_0254\image_0061.jpg,1,-35.168858,-59.609425
20210413,C:\junha\Datasets\LTDv2\frames\frames\20210413\clip_7_0254\image_0062.jpg,1,-34.985306,-61.539196
20210413,C:\junha\Datasets\LTDv2\frames\frames\20210413\clip_7_0254\image_0063.jpg,1,-34.931812,-61.639847
20210413,C:\junha\Datasets\LTDv2\frames\frames\20210413\clip_7_0254\image_0064.jpg,1,-35.50074,-62.534237
20210413,C:\junha\Datasets\LTDv2\frames\frames\20210413\clip_7_0254\image_0065.jpg,1,-35.35657,-62.593384
20210413,C:\junha\Datasets\LTDv2\frames\frames\20210413\clip_7_0254\image_0066.jpg,1,-34.581272,-62.81378
20210413,C:\junha\Datasets\LTDv2\frames\frames\20210413\clip_7_0254\image_0067.jpg,1,-34.560806,-62.8204
20210413,C:\junha\Datasets\LTDv2\frames\frames\20210413\clip_7_0254\image_0068.jpg,1,-38.43436,-63.686043
20210413,C:\junha\Datasets\LTDv2\frames\frames\20210413\clip_7_0254\image_0069.jpg,1,-39.347805,-62.53452
20210413,C:\junha\Datasets\LTDv2\frames\frames\20210413\clip_7_0254\image_0070.jpg,1,-37.931496,-61.985855
20210413,C:\junha\Datasets\LTDv2\frames\frames\20210413\clip_7_0254\image_0071.jpg,1,-37.8387,-61.7756
20210413,C:\junha\Datasets\LTDv2\frames\frames\20210413\clip_7_0254\image_0072.jpg,1,-36.741013,-64.15639
20210413,C:\junha\Datasets\LTDv2\frames\frames\20210413\clip_7_0254\image_0073.jpg,1,-34.8328,-65.30403
20210413,C:\junha\Datasets\LTDv2\frames\frames\20210413\clip_7_0254\image_0074.jpg,1,-39.006382,-63.34513
20210413,C:\junha\Datasets\LTDv2\frames\frames\20210413\clip_7_0254\image_0075.jpg,1,-38.718533,-63.590168
20210413,C:\junha\Datasets\LTDv2\frames\frames\20210413\clip_7_0254\image_0076.jpg,1,-39.245598,-61.67252
20210413,C:\junha\Datasets\LTDv2\frames\frames\20210413\clip_7_0254\image_0077.jpg,1,-39.25089,-61.56545
20210413,C:\junha\Datasets\LTDv2\frames\frames\20210413\clip_7_0254\image_0078.jpg,1,-38.71009,-63.612286
20210413,C:\junha\Datasets\LTDv2\frames\frames\20210413\clip_7_0254\image_0079.jpg,1,-36.955296,-58.630795
20210413,C:\junha\Datasets\LTDv2\frames\frames\20210413\clip_7_0254\image_0080.jpg,1,-37.081364,-58.17251
20210413,C:\junha\Datasets\LTDv2\frames\frames\20210413\clip_7_0254\image_0081.jpg,1,-35.98056,-60.218056
20210413,C:\junha\Datasets\LTDv2\frames\frames\20210413\clip_7_0254\image_0082.jpg,1,-36.942787,-63.600655
20210413,C:\junha\Datasets\LTDv2\frames\frames\20210413\clip_7_0254\image_0083.jpg,1,-36.87677,-60.462223
20210413,C:\junha\Datasets\LTDv2\frames\frames\20210413\clip_7_0254\image_0084.jpg,1,-37.681965,-58.19376
20210413,C:\junha\Datasets\LTDv2\frames\frames\20210413\clip_7_0254\image_0085.jpg,1,-37.719242,-58.005848
20210413,C:\junha\Datasets\LTDv2\frames\frames\20210413\clip_7_0254\image_0086.jpg,1,-37.565056,-57.454952
20210413,C:\junha\Datasets\LTDv2\frames\frames\20210413\clip_7_0254\image_0087.jpg,1,-37.500256,-57.577393
20210413,C:\junha\Datasets\LTDv2\frames\frames\20210413\clip_7_0254\image_0088.jpg,1,-37.52937,-57.54015
20210413,C:\junha\Datasets\LTDv2\frames\frames\20210413\clip_7_0254\image_0089.jpg,1,-40.43401,-65.23319
20210413,C:\junha\Datasets\LTDv2\frames\frames\20210413\clip_7_0254\image_0090.jpg,1,-40.722507,-64.71646
20210413,C:\junha\Datasets\LTDv2\frames\frames\20210413\clip_7_0254\image_0091.jpg,1,-40.804005,-64.69222
20210413,C:\junha\Datasets\LTDv2\frames\frames\20210413\clip_7_0254\image_0092.jpg,1,-40.662426,-62.59026
20210413,C:\junha\Datasets\LTDv2\frames\frames\20210413\clip_7_0254\image_0093.jpg,1,-40.69045,-62.63853
20210413,C:\junha\Datasets\LTDv2\frames\frames\20210413\clip_7_0254\image_0094.jpg,1,-40.53303,-63.49639
20210413,C:\junha\Datasets\LTDv2\frames\frames\20210413\clip_7_0254\image_0095.jpg,1,-40.516705,-63.561333
20210413,C:\junha\Datasets\LTDv2\frames\frames\20210413\clip_7_0254\image_0096.jpg,1,-40.24795,-64.39058
20210413,C:\junha\Datasets\LTDv2\frames\frames\20210413\clip_7_0254\image_0097.jpg,1,-39.85939,-64.384155
20210413,C:\junha\Datasets\LTDv2\frames\frames\20210413\clip_7_0254\image_0098.jpg,1,-40.604378,-62.443317
20210413,C:\junha\Datasets\LTDv2\frames\frames\20210413\clip_7_0254\image_0099.jpg,1,-39.10067,-62.616127
20210413,C:\junha\Datasets\LTDv2\frames\frames\20210413\clip_7_0254\image_0100.jpg,1,-34.630898,-67.286194
20210413,C:\junha\Datasets\LTDv2\frames\frames\20210413\clip_7_0254\image_0101.jpg,1,-34.463505,-67.25065
20210413,C:\junha\Datasets\LTDv2\frames\frames\20210413\clip_7_0254\image_0102.jpg,1,-34.086464,-67.22649
20210413,C:\junha\Datasets\LTDv2\frames\frames\20210413\clip_7_0254\image_0103.jpg,1,-34.09188,-67.27051
20210413,C:\junha\Datasets\LTDv2\frames\frames\20210413\clip_7_0254\image_0104.jpg,1,-38.498478,-64.26478
20210413,C:\junha\Datasets\LTDv2\frames\frames\20210413\clip_7_0254\image_0105.jpg,1,-38.298378,-64.01171
20210413,C:\junha\Datasets\LTDv2\frames\frames\20210413\clip_7_0254\image_0106.jpg,1,-36.603638,-58.811234
20210413,C:\junha\Datasets\LTDv2\frames\frames\20210413\clip_7_0254\image_0107.jpg,1,-36.725025,-59.084457
20210413,C:\junha\Datasets\LTDv2\frames\frames\20210413\clip_7_0254\image_0108.jpg,1,-36.485195,-58.38126
20210413,C:\junha\Datasets\LTDv2\frames\frames\20210413\clip_7_0254\image_0109.jpg,1,-38.071045,-63.1589
20210413,C:\junha\Datasets\LTDv2\frames\frames\20210413\clip_7_0254\image_0110.jpg,1,-35.094307,-66.44874
20210413,C:\junha\Datasets\LTDv2\frames\frames\20210413\clip_7_0254\image_0111.jpg,1,-34.451843,-66.34905
20210413,C:\junha\Datasets\LTDv2\frames\frames\20210413\clip_7_0254\image_0112.jpg,1,-32.732685,-67.34264
20210413,C:\junha\Datasets\LTDv2\frames\frames\20210413\clip_7_0254\image_0113.jpg,1,-32.78969,-67.20806
20210413,C:\junha\Datasets\LTDv2\frames\frames\20210413\clip_7_0254\image_0114.jpg,1,-33.125072,-66.32752
20210413,C:\junha\Datasets\LTDv2\frames\frames\20210413\clip_7_0254\image_0115.jpg,1,-33.079918,-66.39861
20210413,C:\junha\Datasets\LTDv2\frames\frames\20210413\clip_7_0254\image_0116.jpg,1,-33.032467,-66.20666
20210413,C:\junha\Datasets\LTDv2\frames\frames\20210413\clip_7_0254\image_0117.jpg,1,-32.773666,-66.05828
20210413,C:\junha\Datasets\LTDv2\frames\frames\20210413\clip_7_0254\image_0118.jpg,1,-32.76267,-65.41858
20210413,C:\junha\Datasets\LTDv2\frames\frames\20210413\clip_7_0254\image_0119.jpg,1,-35.508904,-63.942486
20210413,C:\junha\Datasets\LTDv2\frames\frames\20210413\clip_8_0322\image_0000.jpg,5,23.482933,-57.155807
20210413,C:\junha\Datasets\LTDv2\frames\frames\20210413\clip_8_0322\image_0001.jpg,5,23.511057,-56.67029
20210413,C:\junha\Datasets\LTDv2\frames\frames\20210413\clip_8_0322\image_0002.jpg,5,22.477142,-56.197548
20210413,C:\junha\Datasets\LTDv2\frames\frames\20210413\clip_8_0322\image_0003.jpg,5,22.640562,-56.291824
20210413,C:\junha\Datasets\LTDv2\frames\frames\20210413\clip_8_0322\image_0004.jpg,5,22.487585,-55.68991
20210413,C:\junha\Datasets\LTDv2\frames\frames\20210413\clip_8_0322\image_0005.jpg,5,22.89009,-55.561325
20210413,C:\junha\Datasets\LTDv2\frames\frames\20210413\clip_8_0322\image_0006.jpg,5,23.499006,-56.00736
20210413,C:\junha\Datasets\LTDv2\frames\frames\20210413\clip_8_0322\image_0007.jpg,5,23.523703,-55.832954
20210413,C:\junha\Datasets\LTDv2\frames\frames\20210413\clip_8_0322\image_0008.jpg,5,36.529556,-53.18096
20210413,C:\junha\Datasets\LTDv2\frames\frames\20210413\clip_8_0322\image_0009.jpg,5,19.709286,-57.184155
20210413,C:\junha\Datasets\LTDv2\frames\frames\20210413\clip_8_0322\image_0010.jpg,5,23.845997,-57.944675
20210413,C:\junha\Datasets\LTDv2\frames\frames\20210413\clip_8_0322\image_0011.jpg,5,23.869717,-57.892487
20210413,C:\junha\Datasets\LTDv2\frames\frames\20210413\clip_8_0322\image_0012.jpg,5,23.142708,-58.67492
20210413,C:\junha\Datasets\LTDv2\frames\frames\20210413\clip_8_0322\image_0013.jpg,5,23.138851,-58.651554
20210413,C:\junha\Datasets\LTDv2\frames\frames\20210413\clip_8_0322\image_0014.jpg,5,23.259426,-59.51071
20210413,C:\junha\Datasets\LTDv2\frames\frames\20210413\clip_8_0322\image_0015.jpg,5,23.294336,-59.571377
20210413,C:\junha\Datasets\LTDv2\frames\frames\20210413\clip_8_0322\image_0016.jpg,5,22.046122,-60.539295
20210413,C:\junha\Datasets\LTDv2\frames\frames\20210413\clip_8_0322\image_0017.jpg,5,22.053308,-60.537796
20210413,C:\junha\Datasets\LTDv2\frames\frames\20210413\clip_8_0322\image_0018.jpg,5,14.804239,-46.680016
20210413,C:\junha\Datasets\LTDv2\frames\frames\20210413\clip_8_0322\image_0019.jpg,5,14.531264,-47.265404
20210413,C:\junha\Datasets\LTDv2\frames\frames\20210413\clip_8_0322\image_0020.jpg,5,20.454285,-56.700478
20210413,C:\junha\Datasets\LTDv2\frames\frames\20210413\clip_8_0322\image_0021.jpg,5,20.954325,-56.52542
20210413,C:\junha\Datasets\LTDv2\frames\frames\20210413\clip_8_0322\image_0022.jpg,5,22.644796,-56.850986
20210413,C:\junha\Datasets\LTDv2\frames\frames\20210413\clip_8_0322\image_0023.jpg,5,22.829268,-56.994316
20210413,C:\junha\Datasets\LTDv2\frames\frames\20210413\clip_8_0322\image_0024.jpg,5,17.63849,-55.94021
20210413,C:\junha\Datasets\LTDv2\frames\frames\20210413\clip_8_0322\image_0025.jpg,5,17.761663,-56.040535
20210413,C:\junha\Datasets\LTDv2\frames\frames\20210413\clip_8_0322\image_0026.jpg,5,21.424646,-55.545895
20210413,C:\junha\Datasets\LTDv2\frames\frames\20210413\clip_8_0322\image_0027.jpg,5,21.611969,-55.57896
20210413,C:\junha\Datasets\LTDv2\frames\frames\20210413\clip_8_0322\image_0028.jpg,5,19.689304,-55.27845
20210413,C:\junha\Datasets\LTDv2\frames\frames\20210413\clip_8_0322\image_0029.jpg,5,19.676413,-56.190395
20210413,C:\junha\Datasets\LTDv2\frames\frames\20210413\clip_8_0322\image_0030.jpg,5,19.9731,-56.818676
20210413,C:\junha\Datasets\LTDv2\frames\frames\20210413\clip_8_0322\image_0031.jpg,5,21.359116,-56.58268
20210413,C:\junha\Datasets\LTDv2\frames\frames\20210413\clip_8_0322\image_0032.jpg,5,19.073708,-56.288647
20210413,C:\junha\Datasets\LTDv2\frames\frames\20210413\clip_8_0322\image_0033.jpg,5,19.02643,-56.30175
20210413,C:\junha\Datasets\LTDv2\frames\frames\20210413\clip_8_0322\image_0034.jpg,5,20.24219,-55.541386
20210413,C:\junha\Datasets\LTDv2\frames\frames\20210413\clip_8_0322\image_0035.jpg,5,19.965996,-55.441025
20210413,C:\junha\Datasets\LTDv2\frames\frames\20210413\clip_8_0322\image_0036.jpg,5,20.946405,-58.407707
20210413,C:\junha\Datasets\LTDv2\frames\frames\20210413\clip_8_0322\image_0037.jpg,5,20.220139,-57.64344
20210413,C:\junha\Datasets\LTDv2\frames\frames\20210413\clip_8_0322\image_0038.jpg,5,20.17914,-57.10263
20210413,C:\junha\Datasets\LTDv2\frames\frames\20210413\clip_8_0322\image_0039.jpg,5,20.435547,-59.99037
20210413,C:\junha\Datasets\LTDv2\frames\frames\20210413\clip_8_0322\image_0040.jpg,5,20.60003,-60.284374
20210413,C:\junha\Datasets\LTDv2\frames\frames\20210413\clip_8_0322\image_0041.jpg,5,20.733164,-60.32603
20210413,C:\junha\Datasets\LTDv2\frames\frames\20210413\clip_8_0322\image_0042.jpg,5,20.755327,-59.66124
20210413,C:\junha\Datasets\LTDv2\frames\frames\20210413\clip_8_0322\image_0043.jpg,5,21.153816,-59.404015
20210413,C:\junha\Datasets\LTDv2\frames\frames\20210413\clip_8_0322\image_0044.jpg,5,21.767548,-59.01436
20210413,C:\junha\Datasets\LTDv2\frames\frames\20210413\clip_8_0322\image_0045.jpg,5,21.849792,-59.017735
20210413,C:\junha\Datasets\LTDv2\frames\frames\20210413\clip_8_0322\image_0046.jpg,0,43.175026,-38.804043
20210413,C:\junha\Datasets\LTDv2\frames\frames\20210413\clip_8_0322\image_0047.jpg,5,38.635883,-46.92681
20210413,C:\junha\Datasets\LTDv2\frames\frames\20210413\clip_8_0322\image_0048.jpg,5,38.65981,-46.916138
20210413,C:\junha\Datasets\LTDv2\frames\frames\20210413\clip_8_0322\image_0049.jpg,5,14.599785,-47.038746
20210413,C:\junha\Datasets\LTDv2\frames\frames\20210413\clip_8_0322\image_0050.jpg,5,14.712344,-46.95657
20210413,C:\junha\Datasets\LTDv2\frames\frames\20210413\clip_8_0322\image_0051.jpg,5,26.360823,-52.72781
20210413,C:\junha\Datasets\LTDv2\frames\frames\20210413\clip_8_0322\image_0052.jpg,5,26.425665,-52.907722
20210413,C:\junha\Datasets\LTDv2\frames\frames\20210413\clip_8_0322\image_0053.jpg,5,26.767109,-53.152603
20210413,C:\junha\Datasets\LTDv2\frames\frames\20210413\clip_8_0322\image_0054.jpg,5,26.781136,-53.093292
20210413,C:\junha\Datasets\LTDv2\frames\frames\20210413\clip_8_0322\image_0055.jpg,5,16.873037,-50.62369
20210413,C:\junha\Datasets\LTDv2\frames\frames\20210413\clip_8_0322\image_0056.jpg,5,16.869415,-50.604393
20210413,C:\junha\Datasets\LTDv2\frames\frames\20210413\clip_8_0322\image_0057.jpg,5,38.738697,-48.187344
20210413,C:\junha\Datasets\LTDv2\frames\frames\20210413\clip_8_0322\image_0058.jpg,5,38.78971,-48.229664
20210413,C:\junha\Datasets\LTDv2\frames\frames\20210413\clip_8_0322\image_0059.jpg,5,12.633748,-49.199764
20210413,C:\junha\Datasets\LTDv2\frames\frames\20210413\clip_8_0322\image_0060.jpg,5,15.419178,-48.63871
20210413,C:\junha\Datasets\LTDv2\frames\frames\20210413\clip_8_0322\image_0061.jpg,5,11.855543,-52.40066
20210413,C:\junha\Datasets\LTDv2\frames\frames\20210413\clip_8_0322\image_0062.jpg,5,11.856722,-52.45728
20210413,C:\junha\Datasets\LTDv2\frames\frames\20210413\clip_8_0322\image_0063.jpg,5,23.897854,-52.51124
20210413,C:\junha\Datasets\LTDv2\frames\frames\20210413\clip_8_0322\image_0064.jpg,5,25.064005,-52.99987
20210413,C:\junha\Datasets\LTDv2\frames\frames\20210413\clip_8_0322\image_0065.jpg,5,24.7385,-56.447037
20210413,C:\junha\Datasets\LTDv2\frames\frames\20210413\clip_8_0322\image_0066.jpg,5,24.810291,-56.46135
20210413,C:\junha\Datasets\LTDv2\frames\frames\20210413\clip_8_0322\image_0067.jpg,5,17.95929,-52.56114
20210413,C:\junha\Datasets\LTDv2\frames\frames\20210413\clip_8_0322\image_0068.jpg,5,17.97442,-52.60272
20210413,C:\junha\Datasets\LTDv2\frames\frames\20210413\clip_8_0322\image_0069.jpg,5,13.948749,-49.867043
20210413,C:\junha\Datasets\LTDv2\frames\frames\20210413\clip_8_0322\image_0070.jpg,5,13.951404,-49.951622
20210413,C:\junha\Datasets\LTDv2\frames\frames\20210413\clip_8_0322\image_0071.jpg,5,14.623305,-52.47456
20210413,C:\junha\Datasets\LTDv2\frames\frames\20210413\clip_8_0322\image_0072.jpg,5,14.709467,-52.484924
20210413,C:\junha\Datasets\LTDv2\frames\frames\20210413\clip_8_0322\image_0073.jpg,5,14.000898,-49.660427
20210413,C:\junha\Datasets\LTDv2\frames\frames\20210413\clip_8_0322\image_0074.jpg,5,13.769652,-49.677074
20210413,C:\junha\Datasets\LTDv2\frames\frames\20210413\clip_8_0322\image_0075.jpg,5,19.551785,-52.168644
20210413,C:\junha\Datasets\LTDv2\frames\frames\20210413\clip_8_0322\image_0076.jpg,5,19.676172,-52.218502
20210413,C:\junha\Datasets\LTDv2\frames\frames\20210413\clip_8_0322\image_0077.jpg,5,25.150347,-53.291733
20210413,C:\junha\Datasets\LTDv2\frames\frames\20210413\clip_8_0322\image_0078.jpg,5,25.120014,-53.269222
20210413,C:\junha\Datasets\LTDv2\frames\frames\20210413\clip_8_0322\image_0079.jpg,5,12.880916,-51.694633
20210413,C:\junha\Datasets\LTDv2\frames\frames\20210413\clip_8_0322\image_0080.jpg,5,13.00875,-51.747856
20210413,C:\junha\Datasets\LTDv2\frames\frames\20210413\clip_8_0322\image_0081.jpg,5,22.652443,-52.25054
20210413,C:\junha\Datasets\LTDv2\frames\frames\20210413\clip_8_0322\image_0082.jpg,5,22.728264,-52.29264
20210413,C:\junha\Datasets\LTDv2\frames\frames\20210413\clip_8_0322\image_0083.jpg,5,25.716862,-53.52487
20210413,C:\junha\Datasets\LTDv2\frames\frames\20210413\clip_8_0322\image_0084.jpg,5,25.830286,-53.55512
20210413,C:\junha\Datasets\LTDv2\frames\frames\20210413\clip_8_0322\image_0085.jpg,5,23.894958,-53.765327
20210413,C:\junha\Datasets\LTDv2\frames\frames\20210413\clip_8_0322\image_0086.jpg,5,24.075495,-54.002335
20210413,C:\junha\Datasets\LTDv2\frames\frames\20210413\clip_8_0322\image_0087.jpg,5,18.533907,-53.844513
20210413,C:\junha\Datasets\LTDv2\frames\frames\20210413\clip_8_0322\image_0088.jpg,5,18.429703,-53.82462
20210413,C:\junha\Datasets\LTDv2\frames\frames\20210413\clip_8_0322\image_0089.jpg,5,19.320774,-53.900917
20210413,C:\junha\Datasets\LTDv2\frames\frames\20210413\clip_8_0322\image_0090.jpg,5,18.68928,-53.67557
20210413,C:\junha\Datasets\LTDv2\frames\frames\20210413\clip_8_0322\image_0091.jpg,5,24.392157,-55.85503
20210413,C:\junha\Datasets\LTDv2\frames\frames\20210413\clip_8_0322\image_0092.jpg,5,24.424328,-55.82963
20210413,C:\junha\Datasets\LTDv2\frames\frames\20210413\clip_8_0322\image_0093.jpg,5,19.907364,-54.012573
20210413,C:\junha\Datasets\LTDv2\frames\frames\20210413\clip_8_0322\image_0094.jpg,5,20.184855,-53.9976
20210413,C:\junha\Datasets\LTDv2\frames\frames\20210413\clip_8_0322\image_0095.jpg,5,25.644247,-54.79381
20210413,C:\junha\Datasets\LTDv2\frames\frames\20210413\clip_8_0322\image_0096.jpg,5,25.78705,-54.873173
20210413,C:\junha\Datasets\LTDv2\frames\frames\20210413\clip_8_0322\image_0097.jpg,5,23.037931,-52.70892
20210413,C:\junha\Datasets\LTDv2\frames\frames\20210413\clip_8_0322\image_0098.jpg,5,23.069885,-52.688004
20210413,C:\junha\Datasets\LTDv2\frames\frames\20210413\clip_8_0322\image_0099.jpg,5,16.004921,-50.004063
20210413,C:\junha\Datasets\LTDv2\frames\frames\20210413\clip_8_0322\image_0100.jpg,5,16.157911,-50.047565
20210413,C:\junha\Datasets\LTDv2\frames\frames\20210413\clip_8_0322\image_0101.jpg,5,15.964244,-49.99404
20210413,C:\junha\Datasets\LTDv2\frames\frames\20210413\clip_8_0322\image_0102.jpg,5,15.961662,-49.98279
20210413,C:\junha\Datasets\LTDv2\frames\frames\20210413\clip_8_0322\image_0103.jpg,5,23.186342,-54.717228
20210413,C:\junha\Datasets\LTDv2\frames\frames\20210413\clip_8_0322\image_0104.jpg,5,23.081463,-54.55934
20210413,C:\junha\Datasets\LTDv2\frames\frames\20210413\clip_8_0322\image_0105.jpg,5,13.874058,-51.531906
20210413,C:\junha\Datasets\LTDv2\frames\frames\20210413\clip_8_0322\image_0106.jpg,5,13.951289,-51.600857
20210413,C:\junha\Datasets\LTDv2\frames\frames\20210413\clip_8_0322\image_0107.jpg,5,14.555648,-50.683155
20210413,C:\junha\Datasets\LTDv2\frames\frames\20210413\clip_8_0322\image_0108.jpg,5,14.536113,-50.82649
20210413,C:\junha\Datasets\LTDv2\frames\frames\20210413\clip_8_0322\image_0109.jpg,5,13.700501,-48.207626
20210413,C:\junha\Datasets\LTDv2\frames\frames\20210413\clip_8_0322\image_0110.jpg,5,13.676763,-48.38315
20210413,C:\junha\Datasets\LTDv2\frames\frames\20210413\clip_8_0322\image_0111.jpg,5,12.808603,-48.82259
20210413,C:\junha\Datasets\LTDv2\frames\frames\20210413\clip_8_0322\image_0112.jpg,5,12.6613655,-48.85261
20210413,C:\junha\Datasets\LTDv2\frames\frames\20210413\clip_8_0322\image_0113.jpg,5,15.180885,-51.85031
20210413,C:\junha\Datasets\LTDv2\frames\frames\20210413\clip_8_0322\image_0114.jpg,5,15.221688,-51.89064
20210413,C:\junha\Datasets\LTDv2\frames\frames\20210413\clip_8_0322\image_0115.jpg,5,14.99796,-48.76181
20210413,C:\junha\Datasets\LTDv2\frames\frames\20210413\clip_8_0322\image_0116.jpg,5,14.888507,-48.77806
20210413,C:\junha\Datasets\LTDv2\frames\frames\20210413\clip_8_0322\image_0117.jpg,5,14.463967,-48.93016
20210413,C:\junha\Datasets\LTDv2\frames\frames\20210413\clip_8_0322\image_0118.jpg,5,14.501378,-49.189377
20210413,C:\junha\Datasets\LTDv2\frames\frames\20210413\clip_8_0322\image_0119.jpg,5,16.154306,-48.726864
20210413,C:\junha\Datasets\LTDv2\frames\frames\20210413\clip_9_0350\image_0000.jpg,5,15.541613,-41.7313
20210413,C:\junha\Datasets\LTDv2\frames\frames\20210413\clip_9_0350\image_0001.jpg,5,15.231758,-41.718906
20210413,C:\junha\Datasets\LTDv2\frames\frames\20210413\clip_9_0350\image_0002.jpg,5,15.259796,-41.75586
20210413,C:\junha\Datasets\LTDv2\frames\frames\20210413\clip_9_0350\image_0003.jpg,5,9.933523,-47.24842
20210413,C:\junha\Datasets\LTDv2\frames\frames\20210413\clip_9_0350\image_0004.jpg,5,9.885518,-47.26023
20210413,C:\junha\Datasets\LTDv2\frames\frames\20210413\clip_9_0350\image_0005.jpg,5,10.647848,-46.645084
20210413,C:\junha\Datasets\LTDv2\frames\frames\20210413\clip_9_0350\image_0006.jpg,5,10.654502,-46.472084
20210413,C:\junha\Datasets\LTDv2\frames\frames\20210413\clip_9_0350\image_0007.jpg,5,21.245556,-43.82976
20210413,C:\junha\Datasets\LTDv2\frames\frames\20210413\clip_9_0350\image_0008.jpg,5,21.292385,-43.811977
20210413,C:\junha\Datasets\LTDv2\frames\frames\20210413\clip_9_0350\image_0009.jpg,5,16.991707,-46.770725
20210413,C:\junha\Datasets\LTDv2\frames\frames\20210413\clip_9_0350\image_0010.jpg,5,17.148376,-46.739174
20210413,C:\junha\Datasets\LTDv2\frames\frames\20210413\clip_9_0350\image_0011.jpg,1,10.984128,-47.73367
20210413,C:\junha\Datasets\LTDv2\frames\frames\20210413\clip_9_0350\image_0012.jpg,5,10.912279,-47.755024
20210413,C:\junha\Datasets\LTDv2\frames\frames\20210413\clip_9_0350\image_0013.jpg,5,10.2802,-47.28626
20210413,C:\junha\Datasets\LTDv2\frames\frames\20210413\clip_9_0350\image_0014.jpg,5,10.264069,-47.244015
20210413,C:\junha\Datasets\LTDv2\frames\frames\20210413\clip_9_0350\image_0015.jpg,5,11.410402,-46.830544
20210413,C:\junha\Datasets\LTDv2\frames\frames\20210413\clip_9_0350\image_0016.jpg,5,11.53386,-46.7463
20210413,C:\junha\Datasets\LTDv2\frames\frames\20210413\clip_9_0350\image_0017.jpg,5,11.763094,-46.86926
20210413,C:\junha\Datasets\LTDv2\frames\frames\20210413\clip_9_0350\image_0018.jpg,1,11.819465,-46.920475
20210413,C:\junha\Datasets\LTDv2\frames\frames\20210413\clip_9_0350\image_0019.jpg,5,24.867903,-48.54243
20210413,C:\junha\Datasets\LTDv2\frames\frames\20210413\clip_9_0350\image_0020.jpg,5,24.770334,-48.50214
20210413,C:\junha\Datasets\LTDv2\frames\frames\20210413\clip_9_0350\image_0021.jpg,5,19.979723,-45.623173
20210413,C:\junha\Datasets\LTDv2\frames\frames\20210413\clip_9_0350\image_0022.jpg,5,19.817032,-45.59185
20210413,C:\junha\Datasets\LTDv2\frames\frames\20210413\clip_9_0350\image_0023.jpg,5,20.479355,-46.386467
20210413,C:\junha\Datasets\LTDv2\frames\frames\20210413\clip_9_0350\image_0024.jpg,5,20.787418,-46.382137
20210413,C:\junha\Datasets\LTDv2\frames\frames\20210413\clip_9_0350\image_0025.jpg,5,21.0416,-46.420437
20210413,C:\junha\Datasets\LTDv2\frames\frames\20210413\clip_9_0350\image_0026.jpg,5,20.886074,-46.37998
20210413,C:\junha\Datasets\LTDv2\frames\frames\20210413\clip_9_0350\image_0027.jpg,5,20.161507,-46.53052
20210413,C:\junha\Datasets\LTDv2\frames\frames\20210413\clip_9_0350\image_0028.jpg,5,20.048458,-46.67684
20210413,C:\junha\Datasets\LTDv2\frames\frames\20210413\clip_9_0350\image_0029.jpg,5,14.3071375,-45.07697
20210413,C:\junha\Datasets\LTDv2\frames\frames\20210413\clip_9_0350\image_0030.jpg,5,14.663045,-44.949116
20210413,C:\junha\Datasets\LTDv2\frames\frames\20210413\clip_9_0350\image_0031.jpg,5,17.856611,-45.719025
20210413,C:\junha\Datasets\LTDv2\frames\frames\20210413\clip_9_0350\image_0032.jpg,5,17.95547,-45.680855
20210413,C:\junha\Datasets\LTDv2\frames\frames\20210413\clip_9_0350\image_0033.jpg,5,22.840096,-45.661682
20210413,C:\junha\Datasets\LTDv2\frames\frames\20210413\clip_9_0350\image_0034.jpg,5,24.217184,-45.6318
20210413,C:\junha\Datasets\LTDv2\frames\frames\20210413\clip_9_0350\image_0035.jpg,5,23.616323,-45.682373
20210413,C:\junha\Datasets\LTDv2\frames\frames\20210413\clip_9_0350\image_0036.jpg,5,24.050459,-45.64574
20210413,C:\junha\Datasets\LTDv2\frames\frames\20210413\clip_9_0350\image_0037.jpg,5,23.969152,-45.037735
20210413,C:\junha\Datasets\LTDv2\frames\frames\20210413\clip_9_0350\image_0038.jpg,5,23.941088,-45.02742
20210413,C:\junha\Datasets\LTDv2\frames\frames\20210413\clip_9_0350\image_0039.jpg,5,12.541637,-46.46241
20210413,C:\junha\Datasets\LTDv2\frames\frames\20210413\clip_9_0350\image_0040.jpg,5,16.656334,-45.219917
20210413,C:\junha\Datasets\LTDv2\frames\frames\20210413\clip_9_0350\image_0041.jpg,5,23.213017,-43.458824
20210413,C:\junha\Datasets\LTDv2\frames\frames\20210413\clip_9_0350\image_0042.jpg,5,23.34309,-43.798935
20210413,C:\junha\Datasets\LTDv2\frames\frames\20210413\clip_9_0350\image_0043.jpg,5,23.617641,-44.149014
20210413,C:\junha\Datasets\LTDv2\frames\frames\20210413\clip_9_0350\image_0044.jpg,5,23.619967,-44.25614
20210413,C:\junha\Datasets\LTDv2\frames\frames\20210413\clip_9_0350\image_0045.jpg,5,24.49986,-46.368137
20210413,C:\junha\Datasets\LTDv2\frames\frames\20210413\clip_9_0350\image_0046.jpg,5,24.539343,-46.36188
20210413,C:\junha\Datasets\LTDv2\frames\frames\20210413\clip_9_0350\image_0047.jpg,5,23.22685,-46.436398
20210413,C:\junha\Datasets\LTDv2\frames\frames\20210413\clip_9_0350\image_0048.jpg,5,22.907717,-46.121296
20210413,C:\junha\Datasets\LTDv2\frames\frames\20210413\clip_9_0350\image_0049.jpg,5,18.676151,-46.89207
20210413,C:\junha\Datasets\LTDv2\frames\frames\20210413\clip_9_0350\image_0050.jpg,5,18.78264,-46.891914
20210413,C:\junha\Datasets\LTDv2\frames\frames\20210413\clip_9_0350\image_0051.jpg,5,25.555904,-47.54786
20210413,C:\junha\Datasets\LTDv2\frames\frames\20210413\clip_9_0350\image_0052.jpg,5,25.726898,-46.99556
20210413,C:\junha\Datasets\LTDv2\frames\frames\20210413\clip_9_0350\image_0053.jpg,5,26.088278,-46.928326
20210413,C:\junha\Datasets\LTDv2\frames\frames\20210413\clip_9_0350\image_0054.jpg,5,32.64345,-52.342087
20210413,C:\junha\Datasets\LTDv2\frames\frames\20210413\clip_9_0350\image_0055.jpg,5,25.605722,-46.41876
20210413,C:\junha\Datasets\LTDv2\frames\frames\20210413\clip_9_0350\image_0056.jpg,5,25.680767,-46.411343
20210413,C:\junha\Datasets\LTDv2\frames\frames\20210413\clip_9_0350\image_0057.jpg,5,19.292612,-47.020817
20210413,C:\junha\Datasets\LTDv2\frames\frames\20210413\clip_9_0350\image_0058.jpg,5,19.29424,-47.07026
20210413,C:\junha\Datasets\LTDv2\frames\frames\20210413\clip_9_0350\image_0059.jpg,5,17.40268,-46.943813
20210413,C:\junha\Datasets\LTDv2\frames\frames\20210413\clip_9_0350\image_0060.jpg,5,17.51943,-46.928925
20210413,C:\junha\Datasets\LTDv2\frames\frames\20210413\clip_9_0350\image_0061.jpg,5,19.0474,-44.53875
20210413,C:\junha\Datasets\LTDv2\frames\frames\20210413\clip_9_0350\image_0062.jpg,5,19.057411,-44.601574
20210413,C:\junha\Datasets\LTDv2\frames\frames\20210413\clip_9_0350\image_0063.jpg,5,16.330677,-44.716335
20210413,C:\junha\Datasets\LTDv2\frames\frames\20210413\clip_9_0350\image_0064.jpg,5,16.25341,-44.835773
20210413,C:\junha\Datasets\LTDv2\frames\frames\20210413\clip_9_0350\image_0065.jpg,5,17.510714,-44.61011
20210413,C:\junha\Datasets\LTDv2\frames\frames\20210413\clip_9_0350\image_0066.jpg,5,17.509398,-44.651093
20210413,C:\junha\Datasets\LTDv2\frames\frames\20210413\clip_9_0350\image_0067.jpg,5,23.165714,-47.692593
20210413,C:\junha\Datasets\LTDv2\frames\frames\20210413\clip_9_0350\image_0068.jpg,5,23.17038,-47.68308
20210413,C:\junha\Datasets\LTDv2\frames\frames\20210413\clip_9_0350\image_0069.jpg,5,27.171278,-49.615498
20210413,C:\junha\Datasets\LTDv2\frames\frames\20210413\clip_9_0350\image_0070.jpg,5,27.20199,-49.641884
20210413,C:\junha\Datasets\LTDv2\frames\frames\20210413\clip_9_0350\image_0071.jpg,5,26.313221,-48.34941
20210413,C:\junha\Datasets\LTDv2\frames\frames\20210413\clip_9_0350\image_0072.jpg,5,26.383398,-48.28804
20210413,C:\junha\Datasets\LTDv2\frames\frames\20210413\clip_9_0350\image_0073.jpg,5,25.854454,-48.868008
20210413,C:\junha\Datasets\LTDv2\frames\frames\20210413\clip_9_0350\image_0074.jpg,5,25.771896,-48.87334
20210413,C:\junha\Datasets\LTDv2\frames\frames\20210413\clip_9_0350\image_0075.jpg,5,30.261135,-52.91541
20210413,C:\junha\Datasets\LTDv2\frames\frames\20210413\clip_9_0350\image_0076.jpg,5,30.46639,-52.979603
20210413,C:\junha\Datasets\LTDv2\frames\frames\20210413\clip_9_0350\image_0077.jpg,5,25.750557,-50.343853
20210413,C:\junha\Datasets\LTDv2\frames\frames\20210413\clip_9_0350\image_0078.jpg,5,25.71606,-50.31951
20210413,C:\junha\Datasets\LTDv2\frames\frames\20210413\clip_9_0350\image_0079.jpg,5,22.476334,-45.536552
20210413,C:\junha\Datasets\LTDv2\frames\frames\20210413\clip_9_0350\image_0080.jpg,5,32.448753,-54.347782
20210413,C:\junha\Datasets\LTDv2\frames\frames\20210413\clip_9_0350\image_0081.jpg,5,37.63512,-54.545044
20210413,C:\junha\Datasets\LTDv2\frames\frames\20210413\clip_9_0350\image_0082.jpg,5,37.393234,-54.359844
20210413,C:\junha\Datasets\LTDv2\frames\frames\20210413\clip_9_0350\image_0083.jpg,5,37.665897,-54.017883
20210413,C:\junha\Datasets\LTDv2\frames\frames\20210413\clip_9_0350\image_0084.jpg,5,37.67864,-53.825153
20210413,C:\junha\Datasets\LTDv2\frames\frames\20210413\clip_9_0350\image_0085.jpg,5,37.314213,-53.48734
20210413,C:\junha\Datasets\LTDv2\frames\frames\20210413\clip_9_0350\image_0086.jpg,5,37.412285,-53.667854
20210413,C:\junha\Datasets\LTDv2\frames\frames\20210413\clip_9_0350\image_0087.jpg,5,32.027386,-53.699135
20210413,C:\junha\Datasets\LTDv2\frames\frames\20210413\clip_9_0350\image_0088.jpg,5,31.856989,-53.67404
20210413,C:\junha\Datasets\LTDv2\frames\frames\20210413\clip_9_0350\image_0089.jpg,5,19.37176,-41.55446
20210413,C:\junha\Datasets\LTDv2\frames\frames\20210413\clip_9_0350\image_0090.jpg,5,19.291445,-41.559414
20210413,C:\junha\Datasets\LTDv2\frames\frames\20210413\clip_9_0350\image_0091.jpg,5,26.915554,-50.82695
20210413,C:\junha\Datasets\LTDv2\frames\frames\20210413\clip_9_0350\image_0092.jpg,5,26.99918,-50.836315
20210413,C:\junha\Datasets\LTDv2\frames\frames\20210413\clip_9_0350\image_0093.jpg,5,17.772947,-40.463287
20210413,C:\junha\Datasets\LTDv2\frames\frames\20210413\clip_9_0350\image_0094.jpg,5,17.682915,-40.673374
20210413,C:\junha\Datasets\LTDv2\frames\frames\20210413\clip_9_0350\image_0095.jpg,5,19.939957,-39.921345
20210413,C:\junha\Datasets\LTDv2\frames\frames\20210413\clip_9_0350\image_0096.jpg,5,27.90296,-46.861034
20210413,C:\junha\Datasets\LTDv2\frames\frames\20210413\clip_9_0350\image_0097.jpg,5,32.56823,-53.990944
20210413,C:\junha\Datasets\LTDv2\frames\frames\20210413\clip_9_0350\image_0098.jpg,5,32.552933,-54.06182
20210413,C:\junha\Datasets\LTDv2\frames\frames\20210413\clip_9_0350\image_0099.jpg,5,15.315311,-40.647038
20210413,C:\junha\Datasets\LTDv2\frames\frames\20210413\clip_9_0350\image_0100.jpg,5,15.27471,-40.6361
20210413,C:\junha\Datasets\LTDv2\frames\frames\20210413\clip_9_0350\image_0101.jpg,5,18.26588,-42.850723
20210413,C:\junha\Datasets\LTDv2\frames\frames\20210413\clip_9_0350\image_0102.jpg,5,18.521967,-42.784603
20210413,C:\junha\Datasets\LTDv2\frames\frames\20210413\clip_9_0350\image_0103.jpg,5,18.256977,-43.31624
20210413,C:\junha\Datasets\LTDv2\frames\frames\20210413\clip_9_0350\image_0104.jpg,5,18.255476,-43.403343
20210413,C:\junha\Datasets\LTDv2\frames\frames\20210413\clip_9_0350\image_0105.jpg,5,10.448329,-48.87453
20210413,C:\junha\Datasets\LTDv2\frames\frames\20210413\clip_9_0350\image_0106.jpg,5,10.446318,-49.04203
20210413,C:\junha\Datasets\LTDv2\frames\frames\20210413\clip_9_0350\image_0107.jpg,5,20.277132,-41.824127
20210413,C:\junha\Datasets\LTDv2\frames\frames\20210413\clip_9_0350\image_0108.jpg,5,20.22835,-41.838394
20210413,C:\junha\Datasets\LTDv2\frames\frames\20210413\clip_9_0350\image_0109.jpg,5,16.046028,-40.782074
20210413,C:\junha\Datasets\LTDv2\frames\frames\20210413\clip_9_0350\image_0110.jpg,5,16.209965,-40.82843
20210413,C:\junha\Datasets\LTDv2\frames\frames\20210413\clip_9_0350\image_0111.jpg,5,16.510624,-41.19045
20210413,C:\junha\Datasets\LTDv2\frames\frames\20210413\clip_9_0350\image_0112.jpg,5,16.702717,-41.18004
20210413,C:\junha\Datasets\LTDv2\frames\frames\20210413\clip_9_0350\image_0113.jpg,5,18.972908,-40.41834
20210413,C:\junha\Datasets\LTDv2\frames\frames\20210413\clip_9_0350\image_0114.jpg,5,19.11909,-40.358532
20210413,C:\junha\Datasets\LTDv2\frames\frames\20210413\clip_9_0350\image_0115.jpg,5,16.70604,-41.17547
20210413,C:\junha\Datasets\LTDv2\frames\frames\20210413\clip_9_0350\image_0116.jpg,5,17.579369,-41.33876
20210413,C:\junha\Datasets\LTDv2\frames\frames\20210413\clip_9_0350\image_0117.jpg,5,17.65245,-41.520103
20210413,C:\junha\Datasets\LTDv2\frames\frames\20210413\clip_9_0350\image_0118.jpg,5,17.871922,-41.606575
20210413,C:\junha\Datasets\LTDv2\frames\frames\20210413\clip_9_0350\image_0119.jpg,5,18.551445,-42.126823
